0,0,0,0,0,0.47306006493034314,49612
0,0,0,0,1,0.0,0
0,0,0,0,2,0.0,0
0,0,0,0,3,0.0,0
0,0,0,0,4,0.0,0
0,0,0,1,0,0.44115221338989286,14
0,0,0,1,1,0.4391945594169688,30
0,0,0,1,2,0.03636453627374884,8
0,0,0,1,3,0.015186955795766772,1
0,0,0,1,4,0.47535097153864736,214
0,0,0,2,0,-0.4,1
0,0,0,2,1,0.0,0
0,0,0,2,2,0.0,0
0,0,0,2,3,0.0,0
0,0,0,2,4,0.0,0
0,0,1,0,0,0.0,0
0,0,1,0,1,0.0,0
0,0,1,0,2,0.0,0
0,0,1,0,3,0.0,0
0,0,1,0,4,1.1360000000000001,6
0,0,1,1,0,-0.05358544772154105,76
0,0,1,1,1,-0.38115702378246963,152
0,0,1,1,2,-0.07838209262018513,130
0,0,1,1,3,0.016081188552209462,219
0,0,1,1,4,0.015718985927768783,279
0,0,1,2,0,0.0,0
0,0,1,2,1,0.0,2
0,0,1,2,2,0.0,3
0,0,1,2,3,-5.0E-4,49
0,0,1,2,4,-0.3988011996,6
0,0,2,0,0,0.0,0
0,0,2,0,1,0.0,0
0,0,2,0,2,0.0,0
0,0,2,0,3,0.14508160000000003,8
0,0,2,0,4,0.4760000000000001,3
0,0,2,1,0,0.046227084575422704,335
0,0,2,1,1,0.045346749179124526,344
0,0,2,1,2,-0.3522309590979713,244
0,0,2,1,3,0.8224748139251319,417
0,0,2,1,4,-0.036530620076506135,331
0,0,2,2,0,-0.03869421039738513,25
0,0,2,2,1,0.3821926600535208,38
0,0,2,2,2,0.30147321733922916,35
0,0,2,2,3,0.39044395246603253,174
0,0,2,2,4,0.2986202420471415,75
0,0,3,0,0,0.0,0
0,0,3,0,1,0.0,0
0,0,3,0,2,0.0,0
0,0,3,0,3,0.0,0
0,0,3,0,4,0.0,0
0,0,3,1,0,0.0045327946058145874,107
0,0,3,1,1,-0.3949315181497216,157
0,0,3,1,2,-0.3864896368772825,176
0,0,3,1,3,0.2682942987246268,164
0,0,3,1,4,1.0490844529767116,485
0,0,3,2,0,0.0031274826790606337,296
0,0,3,2,1,0.07805882930561497,320
0,0,3,2,2,-0.3883036217341633,405
0,0,3,2,3,-0.32192293011208867,201
0,0,3,2,4,-0.39473395426745356,128
0,1,0,0,0,0.0,0
0,1,0,0,1,0.0,0
0,1,0,0,2,0.0,0
0,1,0,0,3,0.0,0
0,1,0,0,4,-0.03200000000000003,3
0,1,0,1,0,-0.75696613602626,2824
0,1,0,1,1,-0.09066806282967567,426
0,1,0,1,2,-0.021562169873580585,360
0,1,0,1,3,-0.1733625802100947,374
0,1,0,1,4,-0.3844865249631568,1073
0,1,0,2,0,-0.4367351293763663,1449
0,1,0,2,1,-0.13402778197950105,51
0,1,0,2,2,-0.08644320214732992,124
0,1,0,2,3,-0.004514118387909106,47
0,1,0,2,4,-0.2262287447716207,81
0,1,1,0,0,0.48252299221345274,38
0,1,1,0,1,0.0,0
0,1,1,0,2,0.006800651222501661,12
0,1,1,0,3,3.719375251026467E-4,2
0,1,1,0,4,-0.21051766844250652,41
0,1,1,1,0,0.4662505443661256,638
0,1,1,1,1,-0.4719113990753465,93
0,1,1,1,2,-0.36047663467547425,90
0,1,1,1,3,-0.3059626504739927,124
0,1,1,1,4,-0.18840157762502854,487
0,1,1,2,0,-0.7920541151570094,184
0,1,1,2,1,-0.40889985011541097,40
0,1,1,2,2,-0.39292024800553244,109
0,1,1,2,3,-0.23072246671791005,25
0,1,1,2,4,-0.04942300654292523,48
0,1,2,0,0,-0.13445098173630618,84
0,1,2,0,1,-8.714437208991719E-4,7
0,1,2,0,2,-0.4002246391436835,3
0,1,2,0,3,-0.06143999999999994,6
0,1,2,0,4,-0.13423824234568366,19
0,1,2,1,0,-0.5641247264679861,902
0,1,2,1,1,-0.5812274519285858,271
0,1,2,1,2,-0.42082296244716255,272
0,1,2,1,3,-0.1731216563384616,218
0,1,2,1,4,-0.33978114924941855,410
0,1,2,2,0,-0.8632285041407092,509
0,1,2,2,1,-0.39711704648660023,35
0,1,2,2,2,-0.37775694681859684,28
0,1,2,2,3,-0.2564205441850605,10
0,1,2,2,4,-0.10455107646532386,54
0,1,3,0,0,0.0,0
0,1,3,0,1,0.0,0
0,1,3,0,2,0.0,0
0,1,3,0,3,0.0,0
0,1,3,0,4,0.0,0
0,1,3,1,0,-0.5768803387432219,913
0,1,3,1,1,-0.3959040315198068,124
0,1,3,1,2,-0.7119737652696779,165
0,1,3,1,3,-0.6625850170055163,101
0,1,3,1,4,-0.2272991536964591,186
0,1,3,2,0,0.22179841300047312,343
0,1,3,2,1,0.43453992417705056,91
0,1,3,2,2,0.635443401367135,240
0,1,3,2,3,0.6530059164042409,550
0,1,3,2,4,0.6474809645990397,178
0,2,0,0,0,0.0,0
0,2,0,0,1,0.0,0
0,2,0,0,2,0.0,0
0,2,0,0,3,0.0,0
0,2,0,0,4,0.0,0
0,2,0,1,0,-0.7045153971159274,980
0,2,0,1,1,-0.6679657203111741,271
0,2,0,1,2,-0.25879122698317597,306
0,2,0,1,3,-0.20696882119924406,329
0,2,0,1,4,-0.7509280155335282,273
0,2,0,2,0,-2.320633419841114,742
0,2,0,2,1,-0.7670252863694417,24
0,2,0,2,2,-1.8476232870245364,31
0,2,0,2,3,-0.3494815939662711,27
0,2,0,2,4,-1.688692533132714,224
0,2,1,0,0,0.09972538721103869,14
0,2,1,0,1,0.09399644176695068,7
0,2,1,0,2,0.09552816551232485,22
0,2,1,0,3,-0.02264247636669045,10
0,2,1,0,4,-0.3064711389932706,14
0,2,1,1,0,-0.8870309584119308,956
0,2,1,1,1,-0.6110938577732085,47
0,2,1,1,2,-0.23955122259050615,159
0,2,1,1,3,-0.05412526036423649,66
0,2,1,1,4,-2.0438507906956036,137
0,2,1,2,0,-1.0677035083037703,151
0,2,1,2,1,-0.1404902119048543,6
0,2,1,2,2,-0.021688516619447797,7
0,2,1,2,3,-0.24440121014916596,8
0,2,1,2,4,-0.07318429120067887,33
0,2,2,0,0,0.0,0
0,2,2,0,1,0.095372883870154,3
0,2,2,0,2,0.0,1
0,2,2,0,3,-0.28979621973440006,8
0,2,2,0,4,0.07389796400000004,8
0,2,2,1,0,-1.678224402791882,959
0,2,2,1,1,-0.4933993603890681,98
0,2,2,1,2,-0.21424484872609717,180
0,2,2,1,3,-0.1084444424995204,109
0,2,2,1,4,-1.3533926834465637,244
0,2,2,2,0,-1.4003878211530687,404
0,2,2,2,1,-0.053989916341925064,28
0,2,2,2,2,-0.17640096347609133,25
0,2,2,2,3,-0.7795118292520403,70
0,2,2,2,4,-0.38179149364843085,98
0,2,3,0,0,0.0,0
0,2,3,0,1,0.0,0
0,2,3,0,2,0.0,0
0,2,3,0,3,0.0,0
0,2,3,0,4,0.0,0
0,2,3,1,0,-1.2602580808729553,862
0,2,3,1,1,-0.45024830612876465,89
0,2,3,1,2,-0.30748341650329525,53
0,2,3,1,3,-0.1751784986575824,28
0,2,3,1,4,-0.4660078403962046,56
0,2,3,2,0,-0.19347030725658532,850
0,2,3,2,1,-0.3354341088577989,108
0,2,3,2,2,-0.4034628203011361,91
0,2,3,2,3,-0.551584994031385,95
0,2,3,2,4,-0.568633642734084,112
0,3,0,0,0,0.0,0
0,3,0,0,1,0.0,0
0,3,0,0,2,0.0,0
0,3,0,0,3,-0.0044522835602000006,6
0,3,0,0,4,-0.13999999999999999,3
0,3,0,1,0,-1.0103118927944474,941
0,3,0,1,1,-0.03514468565116715,29
0,3,0,1,2,-0.586739013857046,80
0,3,0,1,3,-0.7508107700499865,64
0,3,0,1,4,-0.174876318409941,123
0,3,0,2,0,-0.7591333285124775,1353
0,3,0,2,1,-0.1424612646326472,37
0,3,0,2,2,-0.16670593668786843,62
0,3,0,2,3,-0.12148097503696269,54
0,3,0,2,4,-0.19246696730286744,99
0,3,1,0,0,0.0,1
0,3,1,0,1,0.0,10
0,3,1,0,2,-0.027999999999999997,11
0,3,1,0,3,-0.13999999999999999,41
0,3,1,0,4,-5.823999999999993E-5,8
0,3,1,1,0,-1.4524876659092483,576
0,3,1,1,1,-0.13425501984935692,54
0,3,1,1,2,-1.1437908235778849,36
0,3,1,1,3,-0.5567882206496999,48
0,3,1,1,4,-0.9381897678094576,99
0,3,1,2,0,-0.7420293144742942,54
0,3,1,2,1,-0.059373883730337584,8
0,3,1,2,2,-0.3013161661215467,42
0,3,1,2,3,-0.07459857291442962,16
0,3,1,2,4,-0.020926300668163977,72
0,3,2,0,0,0.0,0
0,3,2,0,1,0.0,0
0,3,2,0,2,0.0,1
0,3,2,0,3,0.0,8
0,3,2,0,4,-0.0161889990320168,8
0,3,2,1,0,-0.10564152287498664,653
0,3,2,1,1,-0.22539563601073,30
0,3,2,1,2,-0.340518004647992,71
0,3,2,1,3,-0.44668689256015576,30
0,3,2,1,4,-0.28214347269492945,116
0,3,2,2,0,-0.6156031516052879,237
0,3,2,2,1,-1.2557421690053747,72
0,3,2,2,2,-0.8245884606334224,50
0,3,2,2,3,-0.4717609747429641,18
0,3,2,2,4,-1.278775882746868,101
0,3,3,0,0,0.0,0
0,3,3,0,1,0.0,0
0,3,3,0,2,0.0,0
0,3,3,0,3,0.0,0
0,3,3,0,4,0.0,0
0,3,3,1,0,0.09543631753462556,456
0,3,3,1,1,-0.3771340460907225,29
0,3,3,1,2,-0.16479328962449466,18
0,3,3,1,3,-0.8981468272263206,19
0,3,3,1,4,-0.33950752860264605,28
0,3,3,2,0,-1.4624057998583875,444
0,3,3,2,1,-0.5519792694318064,25
0,3,3,2,2,-1.1331743229126314,24
0,3,3,2,3,-1.0250576854101423,94
0,3,3,2,4,-0.943637588372739,115
1,0,0,0,0,0.0,0
1,0,0,0,1,0.0,0
1,0,0,0,2,0.0,0
1,0,0,0,3,0.0,1
1,0,0,0,4,0.67712,7
1,0,0,1,0,1.4270343663343428,46
1,0,0,1,1,1.390925287859258,18
1,0,0,1,2,2.12541915155538,133
1,0,0,1,3,1.489017236851757,25
1,0,0,1,4,1.4441239078611048,218
1,0,0,2,0,0.0,0
1,0,0,2,1,0.0,0
1,0,0,2,2,1.801888442005576,32
1,0,0,2,3,0.5997544197113539,3
1,0,0,2,4,-0.13192788452140267,4
1,0,1,0,0,0.8045971956836349,43
1,0,1,0,1,0.7684131295936126,57
1,0,1,0,2,0.6766617946830943,17
1,0,1,0,3,0.7443350215640976,132
1,0,1,0,4,0.737473625084827,73
1,0,1,1,0,1.2274231991745248,496
1,0,1,1,1,0.2933581343987588,604
1,0,1,1,2,0.4910869720599625,323
1,0,1,1,3,0.5473674318153402,226
1,0,1,1,4,0.5120455887282204,403
1,0,1,2,0,0.2582801484140921,28
1,0,1,2,1,0.0011492484270816121,2
1,0,1,2,2,7.29773529100292E-4,1
1,0,1,2,3,0.33816507078922664,1
1,0,1,2,4,0.6388805822786389,18
1,0,2,0,0,0.6397576958092819,16
1,0,2,0,1,0.7668640568349842,21
1,0,2,0,2,0.7855882532371791,37
1,0,2,0,3,0.8506769574394432,67
1,0,2,0,4,0.6752969217001454,139
1,0,2,1,0,0.44730608399748906,916
1,0,2,1,1,0.38495713984638413,544
1,0,2,1,2,0.6500242927108772,726
1,0,2,1,3,0.46321265452024585,717
1,0,2,1,4,0.2441057120819962,1044
1,0,2,2,0,0.808801113323146,66
1,0,2,2,1,0.42332020466963755,48
1,0,2,2,2,0.48194581007240694,33
1,0,2,2,3,0.43012604798183157,103
1,0,2,2,4,0.2900019003387128,97
1,0,3,0,0,0.0,0
1,0,3,0,1,0.0,0
1,0,3,0,2,0.0,0
1,0,3,0,3,0.0,0
1,0,3,0,4,0.0,0
1,0,3,1,0,0.326860020918714,163
1,0,3,1,1,0.644594653793127,338
1,0,3,1,2,0.6382231087057021,237
1,0,3,1,3,0.41568065523668074,185
1,0,3,1,4,0.12745097988220047,247
1,0,3,2,0,0.2954760216358062,43
1,0,3,2,1,0.2688138819993242,40
1,0,3,2,2,0.2931639369969272,6
1,0,3,2,3,0.6368990324142908,65
1,0,3,2,4,0.7727241801469131,235
1,1,0,0,0,0.0,0
1,1,0,0,1,0.0,0
1,1,0,0,2,0.7611782211546947,29
1,1,0,0,3,0.7895551240256186,34
1,1,0,0,4,0.6178945672431165,6
1,1,0,1,0,0.3039542795383859,1641
1,1,0,1,1,0.29432369852756324,1578
1,1,0,1,2,0.48087234914867255,3725
1,1,0,1,3,0.13894450524797633,1624
1,1,0,1,4,0.08123487824656457,6802
1,1,0,2,0,-0.8620974709499871,1298
1,1,0,2,1,-0.4710629004997078,269
1,1,0,2,2,-0.9841525659744859,526
1,1,0,2,3,-1.4212010832117232,163
1,1,0,2,4,-0.871307873212522,727
1,1,1,0,0,0.5197344572680522,827
1,1,1,0,1,0.3618813748260774,593
1,1,1,0,2,0.51934879143839,698
1,1,1,0,3,0.9238405583337826,1777
1,1,1,0,4,0.518489018825703,740
1,1,1,1,0,0.3954490822143943,3344
1,1,1,1,1,0.7436290066413246,3263
1,1,1,1,2,0.6733780293090214,6310
1,1,1,1,3,0.7832557910505444,10324
1,1,1,1,4,0.4118889887978362,7079
1,1,1,2,0,-0.03053320840435103,190
1,1,1,2,1,-0.680536266044583,94
1,1,1,2,2,1.1043422255445268,247
1,1,1,2,3,-0.21606361743138217,144
1,1,1,2,4,-0.23854704862236056,190
1,1,2,0,0,0.4153322028109494,646
1,1,2,0,1,0.45467806813644446,317
1,1,2,0,2,0.4811549480539372,361
1,1,2,0,3,0.6742369753079983,387
1,1,2,0,4,1.2626149105086344,1061
1,1,2,1,0,0.2662549535117862,4732
1,1,2,1,1,0.38253923870149076,5601
1,1,2,1,2,0.4613273199590951,10649
1,1,2,1,3,-0.02468849113643862,5712
1,1,2,1,4,0.3370214693400721,8274
1,1,2,2,0,-0.14600665164588728,424
1,1,2,2,1,0.42236628421549777,1031
1,1,2,2,2,0.12162375353406728,712
1,1,2,2,3,-0.34138687446237087,507
1,1,2,2,4,0.1304365215878391,731
1,1,3,0,0,0.0,0
1,1,3,0,1,0.0,0
1,1,3,0,2,0.0,0
1,1,3,0,3,0.0,0
1,1,3,0,4,0.0,0
1,1,3,1,0,0.16669776181331877,1209
1,1,3,1,1,0.04740711187208263,1388
1,1,3,1,2,0.04371295176197996,2383
1,1,3,1,3,0.4851919526585663,2758
1,1,3,1,4,0.36470089385066634,2502
1,1,3,2,0,0.2684901177730876,398
1,1,3,2,1,0.3245753450158031,362
1,1,3,2,2,0.14391411378868296,675
1,1,3,2,3,0.018003337223245826,541
1,1,3,2,4,0.3800443870211635,1041
1,2,0,0,0,0.474337469219393,18
1,2,0,0,1,0.3138310973136881,44
1,2,0,0,2,0.0,0
1,2,0,0,3,0.30315522818839036,4
1,2,0,0,4,0.13864088902902905,21
1,2,0,1,0,0.013048844081511008,2104
1,2,0,1,1,-0.324124262781444,2745
1,2,0,1,2,0.21858846577276422,2029
1,2,0,1,3,0.2401226544167118,1416
1,2,0,1,4,0.5376685591894677,4623
1,2,0,2,0,-1.9326389018182695,1559
1,2,0,2,1,-0.9783130307946701,247
1,2,0,2,2,-1.5640493580307708,279
1,2,0,2,3,-1.061245759904912,250
1,2,0,2,4,-1.06502524053768,966
1,2,1,0,0,0.26507164460511345,593
1,2,1,0,1,0.2763282317053768,649
1,2,1,0,2,0.2983847541862216,1343
1,2,1,0,3,0.2780621143986072,483
1,2,1,0,4,0.13436619895242113,631
1,2,1,1,0,0.19320848197654325,5979
1,2,1,1,1,0.19038781571296562,4637
1,2,1,1,2,0.22739560107975715,5663
1,2,1,1,3,0.10306075385441855,4026
1,2,1,1,4,0.16241282142654545,7307
1,2,1,2,0,0.2351830743326086,108
1,2,1,2,1,0.16012397808967635,115
1,2,1,2,2,0.25995160672487017,180
1,2,1,2,3,-1.223012821416756,115
1,2,1,2,4,0.2280905460821659,180
1,2,2,0,0,0.5291056014797054,760
1,2,2,0,1,0.3006989806183475,298
1,2,2,0,2,0.2582984977350565,422
1,2,2,0,3,0.20317703655497452,296
1,2,2,0,4,0.2892201568771194,249
1,2,2,1,0,0.004599481859403218,3736
1,2,2,1,1,0.025610309743591176,4040
1,2,2,1,2,0.37026815337110985,11838
1,2,2,1,3,0.09076269037611286,5742
1,2,2,1,4,-0.05925405310519512,6565
1,2,2,2,0,0.028445575899137338,1188
1,2,2,2,1,-0.6178382966908755,433
1,2,2,2,2,-0.43052642592416696,705
1,2,2,2,3,-1.1170005479501321,578
1,2,2,2,4,-0.00585703650862993,473
1,2,3,0,0,0.0,0
1,2,3,0,1,0.0,0
1,2,3,0,2,0.0,0
1,2,3,0,3,0.0,0
1,2,3,0,4,0.0,0
1,2,3,1,0,0.09527604390089599,1510
1,2,3,1,1,0.0640843117706475,1373
1,2,3,1,2,0.07350766072739781,2431
1,2,3,1,3,0.13100130720292008,2008
1,2,3,1,4,-0.7584029245508922,1515
1,2,3,2,0,0.14857870134126477,1237
1,2,3,2,1,-1.392992953820375,290
1,2,3,2,2,0.1515389139958469,929
1,2,3,2,3,-0.3038590038465053,342
1,2,3,2,4,0.08799541505685585,588
1,3,0,0,0,0.2989340237600476,20
1,3,0,0,1,-0.18423195428279937,2
1,3,0,0,2,0.04231195619019368,3
1,3,0,0,3,-0.5672242375743036,8
1,3,0,0,4,-0.038915946422964226,14
1,3,0,1,0,-0.5536303808526759,4507
1,3,0,1,1,-1.0570350329436886,1212
1,3,0,1,2,-0.46927240353370187,1904
1,3,0,1,3,-0.32794735440771644,1208
1,3,0,1,4,-0.02176016991132714,2761
1,3,0,2,0,-1.358397414387842,3284
1,3,0,2,1,-0.9925087194064671,219
1,3,0,2,2,-1.2617274346064853,554
1,3,0,2,3,-0.6029158655921063,194
1,3,0,2,4,-0.17738468568424745,571
1,3,1,0,0,-0.31485552580673126,313
1,3,1,0,1,1.271350902974167,748
1,3,1,0,2,-0.7124206871218317,479
1,3,1,0,3,0.06849629765809268,405
1,3,1,0,4,0.07406064169311162,349
1,3,1,1,0,0.22022399202787607,3803
1,3,1,1,1,0.13691806657917335,2363
1,3,1,1,2,0.06410037595360238,3391
1,3,1,1,3,-0.13468571577933847,2530
1,3,1,1,4,0.08236836995045622,4936
1,3,1,2,0,0.22619036818569993,163
1,3,1,2,1,0.23528641781050874,94
1,3,1,2,2,0.7868367205274388,169
1,3,1,2,3,-0.6842809810771352,26
1,3,1,2,4,-0.3624080028605187,47
1,3,2,0,0,0.13005640813941355,164
1,3,2,0,1,0.23946224514484601,248
1,3,2,0,2,0.1704867979833673,231
1,3,2,0,3,0.1823339595285415,226
1,3,2,0,4,0.06157048221476652,227
1,3,2,1,0,0.043428142067789555,4180
1,3,2,1,1,-0.19294327593087143,2187
1,3,2,1,2,-0.22500346925500345,3846
1,3,2,1,3,0.6638105344384604,3596
1,3,2,1,4,0.6654191416889477,3011
1,3,2,2,0,-0.5853560363624883,1196
1,3,2,2,1,-0.3506841291048913,219
1,3,2,2,2,-0.1763536235148334,569
1,3,2,2,3,-1.3301518910649128,203
1,3,2,2,4,0.19176464941204752,530
1,3,3,0,0,0.0,0
1,3,3,0,1,0.0,0
1,3,3,0,2,0.0,0
1,3,3,0,3,0.0,0
1,3,3,0,4,0.0,0
1,3,3,1,0,-1.3084895577112994,2760
1,3,3,1,1,-0.6826509284348807,656
1,3,3,1,2,-0.49446408715777995,822
1,3,3,1,3,-0.12403827082787053,690
1,3,3,1,4,-0.47193789607064046,1863
1,3,3,2,0,-0.7308056206049329,1979
1,3,3,2,1,-0.8142268391777651,205
1,3,3,2,2,-0.8311136705737409,267
1,3,3,2,3,-0.13966943294578216,161
1,3,3,2,4,-0.11536744568799435,710
2,0,0,0,0,0.01,3
2,0,0,0,1,0.0,0
2,0,0,0,2,0.0,0
2,0,0,0,3,0.0,0
2,0,0,0,4,0.0,5
2,0,0,1,0,0.9824313163582612,88
2,0,0,1,1,1.0025355281788904,72
2,0,0,1,2,0.9451273035861313,47
2,0,0,1,3,0.9364399256550494,36
2,0,0,1,4,0.6576474566578558,441
2,0,0,2,0,2.5920625952024925,3
2,0,0,2,1,0.38657982255222045,1
2,0,0,2,2,3.59779859924254,4
2,0,0,2,3,0.0,0
2,0,0,2,4,2.5191369107966874,23
2,0,1,0,0,1.016920090657816,23
2,0,1,0,1,0.8574537096126944,289
2,0,1,0,2,0.889569831117263,125
2,0,1,0,3,1.2148027874471605,121
2,0,1,0,4,0.8941326474680824,106
2,0,1,1,0,0.7913782504772497,377
2,0,1,1,1,0.7941713754032272,254
2,0,1,1,2,0.5809147373893714,1079
2,0,1,1,3,0.7739339166309628,423
2,0,1,1,4,1.0900203451352088,1041
2,0,1,2,0,1.2237232148375485,38
2,0,1,2,1,1.245664492232762,5
2,0,1,2,2,0.011667419010984524,1
2,0,1,2,3,0.08934267531550427,1
2,0,1,2,4,1.3467928075140108,33
2,0,2,0,0,1.316361640845743,99
2,0,2,0,1,0.9811788794560619,26
2,0,2,0,2,0.8621118515394645,146
2,0,2,0,3,0.958425870133952,32
2,0,2,0,4,0.8968812655574298,195
2,0,2,1,0,0.633990373348488,699
2,0,2,1,1,0.8878517279191322,1054
2,0,2,1,2,0.819813450832814,1094
2,0,2,1,3,0.8895229653813593,1476
2,0,2,1,4,0.6850197951852295,1705
2,0,2,2,0,0.7594304850205892,38
2,0,2,2,1,0.6640099035444968,12
2,0,2,2,2,0.7038823438963226,49
2,0,2,2,3,0.3846187274258921,50
2,0,2,2,4,0.9850530203439468,423
2,0,3,0,0,0.0,0
2,0,3,0,1,0.0,0
2,0,3,0,2,0.0,0
2,0,3,0,3,0.0,0
2,0,3,0,4,0.0,0
2,0,3,1,0,0.6639931296081513,924
2,0,3,1,1,0.6779453771849662,192
2,0,3,1,2,0.7217128560117171,286
2,0,3,1,3,0.7215539139788695,233
2,0,3,1,4,0.7840624763964669,1171
2,0,3,2,0,0.5529680410464601,67
2,0,3,2,1,0.649968449675136,105
2,0,3,2,2,0.6395488474756003,44
2,0,3,2,3,0.5285415437737473,75
2,0,3,2,4,0.9860444829202628,357
2,1,0,0,0,0.6773650894827907,16
2,1,0,0,1,1.1199301491787894,22
2,1,0,0,2,0.7836732272643835,10
2,1,0,0,3,0.8940434206753511,17
2,1,0,0,4,0.7423268071270763,128
2,1,0,1,0,0.44346167596680125,2256
2,1,0,1,1,0.4090697820719304,2301
2,1,0,1,2,0.4277867373992115,3071
2,1,0,1,3,0.9360447517625781,4402
2,1,0,1,4,0.7845123609521514,21229
2,1,0,2,0,0.8410887621096222,1294
2,1,0,2,1,0.08208180403986866,201
2,1,0,2,2,-0.8640549485062267,363
2,1,0,2,3,0.38293105868481764,644
2,1,0,2,4,0.2863232521391508,1493
2,1,1,0,0,0.6393295228022697,1057
2,1,1,0,1,0.6219375468332823,1030
2,1,1,0,2,0.7860289840323628,1866
2,1,1,0,3,0.6926980360496027,1290
2,1,1,0,4,0.6235250894758453,2862
2,1,1,1,0,0.82882273282089,6511
2,1,1,1,1,0.6116237126604226,6208
2,1,1,1,2,0.6878224147196832,9318
2,1,1,1,3,0.8793352971852849,8737
2,1,1,1,4,1.172348320190882,36955
2,1,1,2,0,1.1599926673243117,333
2,1,1,2,1,0.3689337731247574,153
2,1,1,2,2,0.4346476200319848,227
2,1,1,2,3,0.47782335947745785,377
2,1,1,2,4,0.47296814696418893,229
2,1,2,0,0,1.315684142927604,1019
2,1,2,0,1,0.6760025475763943,380
2,1,2,0,2,0.6933754171479389,669
2,1,2,0,3,0.6447945367358702,863
2,1,2,0,4,0.641104473816696,1437
2,1,2,1,0,0.5123060935577023,8864
2,1,2,1,1,0.6661878538406302,10973
2,1,2,1,2,0.7318102117271851,19037
2,1,2,1,3,0.5107972212662342,14140
2,1,2,1,4,0.42809045358837344,27776
2,1,2,2,0,0.69742085014199,793
2,1,2,2,1,0.5341771134714656,703
2,1,2,2,2,0.6141661481015314,2036
2,1,2,2,3,0.5029425359996631,708
2,1,2,2,4,0.8244124754418616,3409
2,1,3,0,0,0.0,0
2,1,3,0,1,0.0,0
2,1,3,0,2,0.0,0
2,1,3,0,3,0.0,0
2,1,3,0,4,0.0,0
2,1,3,1,0,0.35505432899885125,2530
2,1,3,1,1,0.5280757737650095,2619
2,1,3,1,2,0.7319413364058863,5077
2,1,3,1,3,0.45486653367735513,3820
2,1,3,1,4,0.82471886660697,16402
2,1,3,2,0,0.5287612159350117,472
2,1,3,2,1,0.4851306799302115,429
2,1,3,2,2,1.050314958225856,1952
2,1,3,2,3,-0.022108715973835024,1376
2,1,3,2,4,0.6156069812661248,1277
2,2,0,0,0,0.8323575998507242,46
2,2,0,0,1,0.0,0
2,2,0,0,2,0.2576582070453916,13
2,2,0,0,3,0.250388907305409,39
2,2,0,0,4,0.5137020755239508,105
2,2,0,1,0,0.3053856640581044,2806
2,2,0,1,1,0.3720760413401104,2703
2,2,0,1,2,0.7488885717565467,6906
2,2,0,1,3,-0.7056427059675178,2897
2,2,0,1,4,0.33965909069117745,18488
2,2,0,2,0,0.1875646877705077,508
2,2,0,2,1,-0.555550782896251,440
2,2,0,2,2,0.16362330835267444,443
2,2,0,2,3,-0.15019062740764313,349
2,2,0,2,4,0.34032986853423947,3285
2,2,1,0,0,0.4140390483566639,943
2,2,1,0,1,0.6878761471491162,2584
2,2,1,0,2,0.41490968728953387,1733
2,2,1,0,3,0.38713426008869284,1252
2,2,1,0,4,0.4384328051533737,1448
2,2,1,1,0,0.47914863786771367,6574
2,2,1,1,1,0.7749396026616866,16986
2,2,1,1,2,0.5039478664497475,10499
2,2,1,1,3,0.3760456490645678,9735
2,2,1,1,4,0.7860646143812654,23198
2,2,1,2,0,0.05297684273463361,129
2,2,1,2,1,-0.14278609802608647,149
2,2,1,2,2,1.3950423546598274,402
2,2,1,2,3,0.1680943309060465,485
2,2,1,2,4,0.26560901904269846,402
2,2,2,0,0,0.3647790754747021,731
2,2,2,0,1,0.535580394924128,1265
2,2,2,0,2,0.559637917855781,1053
2,2,2,0,3,0.29709288472188244,536
2,2,2,0,4,0.30875180252294404,524
2,2,2,1,0,0.4174042893981982,18831
2,2,2,1,1,0.3122693783603558,8828
2,2,2,1,2,0.39253042369555635,14384
2,2,2,1,3,0.09500945448178301,13596
2,2,2,1,4,0.4265455985681568,30608
2,2,2,2,0,0.2049113752768289,646
2,2,2,2,1,0.1707217266272178,759
2,2,2,2,2,0.6012746249206145,2874
2,2,2,2,3,0.135698570783956,871
2,2,2,2,4,0.2385578760682678,1983
2,2,3,0,0,0.0,0
2,2,3,0,1,0.0,0
2,2,3,0,2,0.0,0
2,2,3,0,3,0.0,0
2,2,3,0,4,0.0,0
2,2,3,1,0,0.38200865215524693,2870
2,2,3,1,1,0.17796931512576114,1997
2,2,3,1,2,0.2809889044930984,4782
2,2,3,1,3,0.49215120829325665,5608
2,2,3,1,4,0.28004469203066557,9285
2,2,3,2,0,0.23211976264477355,554
2,2,3,2,1,-0.0055565268701980456,699
2,2,3,2,2,0.47182856057959927,2059
2,2,3,2,3,0.09673891864988894,678
2,2,3,2,4,0.508171151514212,2688
2,3,0,0,0,0.5734080008528104,107
2,3,0,0,1,-0.0424427729727504,15
2,3,0,0,2,0.2875224539383102,11
2,3,0,0,3,0.30795772921150255,14
2,3,0,0,4,0.3184191758501426,160
2,3,0,1,0,0.1263257642325583,5632
2,3,0,1,1,0.013880949490330221,3378
2,3,0,1,2,0.1820441591009819,8062
2,3,0,1,3,-0.01971777811027108,3856
2,3,0,1,4,-0.42279107429835683,14934
2,3,0,2,0,-0.7702670959008904,2244
2,3,0,2,1,-1.0507018630739628,504
2,3,0,2,2,0.25819302750188117,718
2,3,0,2,3,-0.47237303459768837,497
2,3,0,2,4,0.2920601870577319,3882
2,3,1,0,0,0.29109984333149863,1153
2,3,1,0,1,0.09973696276071867,2027
2,3,1,0,2,0.37780805405605655,1554
2,3,1,0,3,0.4001781995184357,1671
2,3,1,0,4,0.2785724963511968,1683
2,3,1,1,0,0.11308731263287927,8335
2,3,1,1,1,0.11108288742055629,7849
2,3,1,1,2,0.35485741390531966,16783
2,3,1,1,3,0.06066813240888947,10124
2,3,1,1,4,0.11976914202028686,24231
2,3,1,2,0,0.4334285606232473,441
2,3,1,2,1,0.11546962638410029,276
2,3,1,2,2,0.22313682370151594,338
2,3,1,2,3,0.3878625107054564,281
2,3,1,2,4,0.3341980050823178,830
2,3,2,0,0,0.3484199026627606,532
2,3,2,0,1,0.3484920328806789,659
2,3,2,0,2,0.40008945446928856,1232
2,3,2,0,3,0.3202630681471926,631
2,3,2,0,4,0.3761703278364133,866
2,3,2,1,0,0.17361804403507486,10675
2,3,2,1,1,0.026088133512128794,10405
2,3,2,1,2,0.24057494132204313,17565
2,3,2,1,3,0.19592259686799424,13386
2,3,2,1,4,0.48508942998240956,50299
2,3,2,2,0,0.06899530701819546,1090
2,3,2,2,1,0.18688320214372436,1633
2,3,2,2,2,0.2531254264406762,2089
2,3,2,2,3,-0.13912794588202154,1272
2,3,2,2,4,0.21432989591816004,1856
2,3,3,0,0,0.0,0
2,3,3,0,1,0.0,0
2,3,3,0,2,0.0,0
2,3,3,0,3,0.0,0
2,3,3,0,4,0.0,0
2,3,3,1,0,-0.043687240531962004,3378
2,3,3,1,1,0.0484672781762789,3084
2,3,3,1,2,-0.8184273691510991,5655
2,3,3,1,3,0.17827331143434555,5897
2,3,3,1,4,0.11014535894313612,13558
2,3,3,2,0,0.10179978451042541,1344
2,3,3,2,1,0.11156013676339756,1601
2,3,3,2,2,-0.9582956029432628,2250
2,3,3,2,3,0.11136104258217305,1695
2,3,3,2,4,-0.4462235966466122,2107
3,0,0,0,0,0.0,0
3,0,0,0,1,0.0,0
3,0,0,0,2,0.0,0
3,0,0,0,3,0.0,0
3,0,0,0,4,2.2658583149221094,2
3,0,0,1,0,1.061155503038523,70
3,0,0,1,1,0.7611380685235889,87
3,0,0,1,2,1.746080741883551,336
3,0,0,1,3,1.4323037116463673,512
3,0,0,1,4,1.328716458124386,188
3,0,0,2,0,1.102170484944075,157
3,0,0,2,1,0.2794585503397874,11
3,0,0,2,2,2.3355015981125633,19
3,0,0,2,3,0.10088107670054292,6
3,0,0,2,4,1.7415266330556871,28
3,0,1,0,0,1.0022567751898666,70
3,0,1,0,1,1.0442076682288641,77
3,0,1,0,2,0.9738967035102278,81
3,0,1,0,3,0.9774328304171236,89
3,0,1,0,4,1.0637280232666237,1249
3,0,1,1,0,0.5938281783476019,506
3,0,1,1,1,0.5830073894287993,352
3,0,1,1,2,0.9520871282493351,2508
3,0,1,1,3,0.6372439429059724,702
3,0,1,1,4,1.5879353063694392,2784
3,0,1,2,0,0.0,0
3,0,1,2,1,1.8950648310860672,20
3,0,1,2,2,0.8127806755072912,2
3,0,1,2,3,0.6336766004431886,36
3,0,1,2,4,1.2772567936171317,41
3,0,2,0,0,1.0504663671804535,264
3,0,2,0,1,0.8279425982907092,8
3,0,2,0,2,1.0169834776860323,140
3,0,2,0,3,1.0023761020837634,66
3,0,2,0,4,0.9690900069691132,94
3,0,2,1,0,0.7700064296795108,909
3,0,2,1,1,1.1179381362672935,3354
3,0,2,1,2,0.7654205235494873,1307
3,0,2,1,3,0.7053638564550436,1093
3,0,2,1,4,0.6679188129472475,6060
3,0,2,2,0,0.44083854863633654,29
3,0,2,2,1,0.6896616453198339,546
3,0,2,2,2,0.6543081133065408,41
3,0,2,2,3,0.5523593995617052,66
3,0,2,2,4,0.6280015905406835,186
3,0,3,0,0,0.0,0
3,0,3,0,1,0.0,0
3,0,3,0,2,0.0,0
3,0,3,0,3,0.0,0
3,0,3,0,4,0.0,0
3,0,3,1,0,0.8491714876433037,1187
3,0,3,1,1,1.1926178281505109,2338
3,0,3,1,2,0.6281949717084122,298
3,0,3,1,3,0.8578269099664869,270
3,0,3,1,4,0.8146895947941152,560
3,0,3,2,0,0.9648997099022245,415
3,0,3,2,1,0.4522232907199706,59
3,0,3,2,2,0.20888617350189453,60
3,0,3,2,3,0.4449898326445214,38
3,0,3,2,4,0.35571517621698406,576
3,1,0,0,0,0.6703288045082217,148
3,1,0,0,1,0.6152527953499592,4
3,1,0,0,2,0.6367987601605787,6
3,1,0,0,3,0.5953227177144708,36
3,1,0,0,4,0.6548852438852409,41
3,1,0,1,0,1.2516495968562948,6844
3,1,0,1,1,1.251474982200558,3587
3,1,0,1,2,1.1695937775482665,4495
3,1,0,1,3,0.7200880338692109,4708
3,1,0,1,4,1.2977953219105611,43525
3,1,0,2,0,1.0921587631361074,310
3,1,0,2,1,1.6798408201984103,840
3,1,0,2,2,0.47044654173496653,244
3,1,0,2,3,0.32026559951479017,142
3,1,0,2,4,0.34055041511413314,1881
3,1,1,0,0,0.678153605552504,5660
3,1,1,0,1,0.7440935889126121,1947
3,1,1,0,2,0.9504231496988955,2436
3,1,1,0,3,1.0582379003426456,7408
3,1,1,0,4,0.7619399566086397,5597
3,1,1,1,0,1.1875352214327288,16456
3,1,1,1,1,1.1933225501592017,15427
3,1,1,1,2,1.244700726055101,26156
3,1,1,1,3,1.2667512495085136,25819
3,1,1,1,4,1.2905212192186257,195814
3,1,1,2,0,0.47154389707089095,162
3,1,1,2,1,1.436106325154796,196
3,1,1,2,2,0.5179168731238026,242
3,1,1,2,3,1.9051025541840358,1547
3,1,1,2,4,0.47924058251785195,582
3,1,2,0,0,0.7899652177046075,2111
3,1,2,0,1,0.989086533889085,1455
3,1,2,0,2,0.988799936200678,3780
3,1,2,0,3,0.9898136747978903,4303
3,1,2,0,4,0.7724545713492058,1567
3,1,2,1,0,0.6382664622214349,29396
3,1,2,1,1,0.5544003645146941,22607
3,1,2,1,2,0.5721647708356762,31843
3,1,2,1,3,0.7316246239148743,72962
3,1,2,1,4,0.6230682820349938,135321
3,1,2,2,0,0.34328867404034674,1121
3,1,2,2,1,0.7201863736011623,1270
3,1,2,2,2,0.7767397155785702,2198
3,1,2,2,3,0.45858012996105474,2016
3,1,2,2,4,0.8238689801951127,14212
3,1,3,0,0,0.0,0
3,1,3,0,1,0.0,0
3,1,3,0,2,0.0,0
3,1,3,0,3,0.0,0
3,1,3,0,4,0.0,0
3,1,3,1,0,0.5675630152292265,5777
3,1,3,1,1,0.4822382254970768,5261
3,1,3,1,2,0.5984132198142198,17669
3,1,3,1,3,0.602665031916848,8509
3,1,3,1,4,0.6940733666144162,57708
3,1,3,2,0,0.47998721378957193,940
3,1,3,2,1,0.47995942402490577,826
3,1,3,2,2,0.47256711705745696,3690
3,1,3,2,3,0.5712569763164517,3425
3,1,3,2,4,0.44583409765621146,5224
3,2,0,0,0,0.4224073617345222,19
3,2,0,0,1,0.5034987307198557,13
3,2,0,0,2,0.33550040213705284,37
3,2,0,0,3,0.5106435858216349,271
3,2,0,0,4,0.4777033696781306,68
3,2,0,1,0,0.5184272866077076,4335
3,2,0,1,1,0.5184016555306616,4464
3,2,0,1,2,0.5282081702040782,15504
3,2,0,1,3,0.3471877247133917,5717
3,2,0,1,4,0.6633994012156765,48054
3,2,0,2,0,0.2645303087391555,282
3,2,0,2,1,0.3000502056283659,1189
3,2,0,2,2,0.29600268824637355,663
3,2,0,2,3,0.25687162758642024,937
3,2,0,2,4,-1.1284895791840972,1500
3,2,1,0,0,0.7860070536894028,5505
3,2,1,0,1,0.6085641104331969,2288
3,2,1,0,2,0.6997471348461568,6772
3,2,1,0,3,0.6727413978338501,4400
3,2,1,0,4,0.7180963193075642,3202
3,2,1,1,0,0.7324094561839803,19547
3,2,1,1,1,0.7221095476814953,16638
3,2,1,1,2,0.7785295461774936,29957
3,2,1,1,3,0.7815697413002486,28586
3,2,1,1,4,0.8042067629255254,159774
3,2,1,2,0,0.16857514607862129,175
3,2,1,2,1,0.28044100162240276,124
3,2,1,2,2,0.5283765627908309,809
3,2,1,2,3,0.5262777896235866,839
3,2,1,2,4,0.6666577902373496,1348
3,2,2,0,0,0.8536424976435527,2317
3,2,2,0,1,0.431693766794957,964
3,2,2,0,2,0.8544190806166906,3380
3,2,2,0,3,0.5086732042450496,1756
3,2,2,0,4,0.8520973660543092,7336
3,2,2,1,0,0.5287919011688533,21276
3,2,2,1,1,0.5525911279494765,24577
3,2,2,1,2,0.5465049827666842,37831
3,2,2,1,3,0.5608664424345001,83903
3,2,2,1,4,0.5700523655530535,120181
3,2,2,2,0,0.5972797877680305,889
3,2,2,2,1,0.2320380297861715,953
3,2,2,2,2,0.5972594098108794,5269
3,2,2,2,3,0.28296559954427164,1493
3,2,2,2,4,0.5972520816839726,5214
3,2,3,0,0,0.0,0
3,2,3,0,1,0.0,0
3,2,3,0,2,0.0,0
3,2,3,0,3,0.0,0
3,2,3,0,4,0.0,0
3,2,3,1,0,0.4899669410264967,5296
3,2,3,1,1,0.29256940437048984,8741
3,2,3,1,2,0.5045208944286443,22217
3,2,3,1,3,0.3745586316304536,6417
3,2,3,1,4,0.39922190973548183,18895
3,2,3,2,0,0.12353641768733052,748
3,2,3,2,1,0.31584637122662096,937
3,2,3,2,2,0.48361303498908653,2040
3,2,3,2,3,0.4852689409488495,3459
3,2,3,2,4,0.442327322572037,4572
3,3,0,0,0,0.22099237980840428,3732
3,3,0,0,1,0.21330506371449504,4072
3,3,0,0,2,0.3175551095943119,4119
3,3,0,0,3,0.2067581914208449,2877
3,3,0,0,4,0.20516349662189076,2358
3,3,0,1,0,0.43975886475315074,30007
3,3,0,1,1,0.35899981380294727,22627
3,3,0,1,2,0.45761136927465573,33253
3,3,0,1,3,0.4447133799874687,35073
3,3,0,1,4,0.5482721770129714,261339
3,3,0,2,0,0.005976768755148835,4533
3,3,0,2,1,-0.09719298559320586,2582
3,3,0,2,2,-0.06105635176343896,1432
3,3,0,2,3,-0.3270793285186887,1741
3,3,0,2,4,-0.22987218845883217,4741
3,3,1,0,0,0.5043970383321074,10920
3,3,1,0,1,0.29092509443375925,11325
3,3,1,0,2,0.5076067004749034,19730
3,3,1,0,3,0.4819531338522437,12527
3,3,1,0,4,0.4837164513033404,30327
3,3,1,1,0,0.5162628989143664,64497
3,3,1,1,1,0.519089055695911,58085
3,3,1,1,2,0.5252974641742988,97552
3,3,1,1,3,0.5285000209155394,85897
3,3,1,1,4,0.5348291884297605,614014
3,3,1,2,0,0.07395748699319436,1550
3,3,1,2,1,0.7752706756067875,1511
3,3,1,2,2,0.43874099247576315,3197
3,3,1,2,3,0.7751769622769874,4711
3,3,1,2,4,0.7750253515785764,6389
3,3,2,0,0,0.514210473421484,4112
3,3,2,0,1,0.4035272307459831,2858
3,3,2,0,2,0.22173421784600003,7961
3,3,2,0,3,0.40089163341044604,3789
3,3,2,0,4,0.2194566582324068,5652
3,3,2,1,0,0.5153663915496719,67055
3,3,2,1,1,0.523066541597117,61371
3,3,2,1,2,0.5257248516688763,103330
3,3,2,1,3,0.5243926062638792,88860
3,3,2,1,4,0.5425272798937304,633355
3,3,2,2,0,0.27874703230418263,3245
3,3,2,2,1,0.27633078607720957,3105
3,3,2,2,2,0.3565782240514985,14339
3,3,2,2,3,0.17668669716191074,3701
3,3,2,2,4,0.2860032492852392,14856
3,3,3,0,0,0.0,0
3,3,3,0,1,0.0,0
3,3,3,0,2,0.0,0
3,3,3,0,3,0.0,0
3,3,3,0,4,0.0,0
3,3,3,1,0,0.07066229090105311,12243
3,3,3,1,1,0.3079321207853543,12695
3,3,3,1,2,0.47288827150441654,35536
3,3,3,1,3,0.41804870886790135,18461
3,3,3,1,4,0.5331470304837584,93722
3,3,3,2,0,0.17117984294904057,7845
3,3,3,2,1,0.07893895351310126,2282
3,3,3,2,2,0.11120993429138623,9922
3,3,3,2,3,-0.06534895887034103,2783
3,3,3,2,4,0.13594715210178276,10344