69.11626420692872
67.31731546706258
54.400694232542165
42.61532961337403
34.32409392229307
29.011877742192908
25.730111269771136
23.718905458701553
22.473118081110243
21.68127659287362
21.157987517229504
20.79470975966001
20.528270775309664
20.32185831901266
20.153871436249617
20.011477727754933
19.886916257726437
19.77538035361085
19.673803305154518
19.5801587749761
19.493054784323995
19.41149563959091
19.334740426275772
19.26221744219081
19.193471355430717
19.128129749095994
19.065881332420656
19.006461306930778
18.949641219889525
18.895221704330766
18.84302712828957
18.792901544091563
18.744705549140548
18.698313803942156
18.65361303643848
18.61050041456676
18.56888220326191
18.52867264496213
18.489793018277023
18.452170840409643
18.415739186765816
18.3804361069393
18.346204120565968
18.31298977981791
18.280743287838675
18.249418164402492
18.2189709516458
18.18936095396832
18.16055000720683
18.132502272998007
18.105184054909156
18.078563633459122
18.052611117597852
18.027298310581628
18.00259858848821
17.978486789870246
17.954939115259716
17.93193303541384
17.90944720734445
17.887461397300008
17.865956409977013
17.84491402332936
17.824316928422594
17.804148673846925
17.78439361426009
17.765036862680923
17.746064246197374
17.727462264788787
17.709218052996224
17.691319344200714
17.67375443729542
17.656512165558055
17.639581867549875
17.622953359883546
17.606616911717055
17.590563220844036
17.574783391263143
17.55926891211835
17.544011637911773
17.529003769900193
17.51423783859158
17.49970668726664
17.48540345645619
17.471321569309378
17.457454717794267
17.443796849676417
17.43034215622456
17.41708506059699
17.404020206865763
17.39114244963788
17.37844684423707
17.365928637411095
17.353583258532655
17.341406311263928
17.329393565656876
17.31754095066343
17.30584454703131
17.294300580562595
17.282905415714655
17.27165554952265
17.260547605826122
17.24957832978179
17.23874458264669
17.2280433368163
17.217471671103585
17.20702676624572
17.196705900625577
17.18650644619685
17.176425864601363
17.16646170346837
17.156611592886097
17.1468732420365
17.13724443598433
17.127723032612813
17.11830695969781
17.108994212114116
17.099782849165962
17.090670992036475
17.081656821349412
17.07273857483767
17.06391454511328
17.055183077533915
17.0465425681608
17.037991461803976
17.029528250150403
17.02115146997085
17.01285970140199
17.004651566299962
16.996525726661794
16.98848088311231
16.9805157734521
16.972629171265165
16.96481988458219
16.95708675459805
16.949428654440236
16.941844487986064
16.934333188726924
16.92689371867693
16.919525067324223
16.912226250623213
16.904996310025627
16.897834311548962
16.890739344880743
16.88371052251667
16.876746978931823
16.86984786978314
16.863012371141892
16.856239678754946
16.849529007333828
16.84287958987018
16.836290676976613
16.829761536252125
16.823291451670986
16.816879722993868
16.81052566520114
16.804228607946406
16.797987895030552
16.791802883894704
16.785672945131886
16.779597462016408
16.77357583005069
16.767607456528147
16.761691760112463
16.75582817043197
16.750016127688824
16.7442550822826
16.738544494447513
16.732883833903003
16.72727257951706
16.721710218981983
16.71619624850195
16.710730172492386
16.705311503290208
16.699939760874848
16.694614472599973
16.689335172934836
16.684101403215536
16.67891271140578
16.673768651866656
16.668668785134994
16.66361267771044
16.65859990185076
16.653630035374995
16.648702661474157
16.643817368529827
16.638973749939513
16.634171403949164
16.62940993349225
16.62468894603566
16.62000805343187
16.61536687177676
16.61076502127399
16.606202126104638
16.60167781430264
16.597191717635255
16.592743471489168
16.588332714761147
16.583959089753854
16.57962224207613
16.575321820547895
16.57105747710956
16.566828866735342
16.56263564735087
16.55847747975475
16.554354027543837
16.550264957042188
16.546209937233723
16.542188639698
16.538200738549563
16.53424591038032
16.53032383420502
16.526434191409667
16.52257666570279
16.518750943069378
16.514956711727613
16.511193662087866
16.507461486714313
16.50375988028876
16.500088539576833
16.496447163396205
16.492835452586796
16.48925310998319
16.48569984038873
16.482175350551376
16.47867934914138
16.475211546730556
16.47177165577326
16.468359390588574
16.464974467344163
16.461616604041282
16.458285520501068
16.45498093835243
16.45170258102035
16.448450173716008
16.44522344342758
16.4420221189119
16.43884593068719
16.435694611026655
16.432567893952907
16.429465515232984
16.426387212374124
16.42333272462041
16.42030179294943
16.417294160070355
16.414309570421786
16.41134777017042
16.408408507210055
16.405491531161054
16.40259659337014
16.399723446910453
16.396871846582
