11.7217131848957
16.33942717113855
18.2989197422153
19.233974855402053
19.705351265798146
19.94400585394226
20.0555756044408
20.09361196360449
20.088302004624474
20.058161258224878
20.015046708401737
19.966560833553956
19.917413912868856
19.870322219863784
19.82664861415136
19.7868656369787
19.750883742364465
19.718277019000695
19.688434237812487
19.66065865707372
19.63423506901163
19.608477394664735
19.58276515357347
19.55657290478479
19.52949376819987
19.501256467070277
19.471734638932766
19.440947085865616
19.409048113615594
19.376308222541542
19.343086995691774
19.309801524552746
19.276894445984688
19.244805277667584
19.213947422950046
19.184691566432587
19.157354847389033
19.132194570142737
19.109405324591698
19.089119025371183
19.07140823212272
19.056293936131503
19.04375961583108
19.033773541827063
19.02632040957396
19.021439775613175
19.01925955612971
19.01999582322122
19.023872386799923
19.0309245640869
19.040729101544823
19.052215636583544
19.063726680150957
19.073334244078424
19.079246658080177
19.080119040653184
19.075184517214538
19.064227926592928
19.04747102057289
19.025438060763634
18.998849524072227
18.968565537069427
18.93557460975634
18.90099897888668
18.866072657586226
18.83205584551887
18.80008605957614
18.771013540240155
18.74528949013025
18.722951311657987
18.703699297651088
18.687021788142747
18.67231986074582
18.659000114450897
18.646526588217835
18.63443812656199
18.622343249597343
18.6099039279766
18.596816445657268
18.582794232023954
18.56755516249906
18.550814462461464
18.532283723021184
18.511676285764302
18.48871905035819
18.46317035294776
18.434842807020246
18.403628893098045
18.369525830233417
18.33265526976524
18.293273142649262
18.251765985048028
18.208632311992712
18.16445062878075
18.11983856430972
18.075409422769603
18.031732607382292
17.989302938262487
17.948521493029688
17.909688094293287
17.873003649015697
17.83857953355304
17.806451064382376
17.776592523807654
17.748931900967122
17.723364211714284
17.699762838103666
17.677988735713498
17.657897608551618
17.639345283715887
17.622191570134106
17.60630288903317
17.591553940454556
17.577828634506833
17.565020476870735
17.55303256037757
17.541777280920734
17.531175867684784
17.521157794885504
17.511660124531765
17.50262681645511
17.494008032159456
17.48575945208009
17.477841620827803
17.47021933128963
17.46286105556636
17.45573842830865
17.44882578587107
17.44209976274087
17.4355389449035
17.42912357821102
17.422835328462057
17.416657088833183
17.410572829533752
17.404567484100614
17.398626866578265
17.39273761391261
17.386887148170047
17.38106365363341
17.375256064365654
17.36945405842956
17.363648055570117
17.357829215770682
17.351989436668045
17.346121348335824
17.340218304412844
17.3342743689596
17.3282842987679
17.322243521132332
17.316148107318178
17.30999474213264
17.303780690134126
17.297503759098568
17.291162261411127
17.28475497407041
17.27828109798451
17.27174021721236
17.2651322587574
17.25845745346685
17.251716298523494
17.244909521947143
17.238038049451742
17.231102973929886
17.224105527768074
17.217047058128422
17.209929005272027
17.202752883943166
17.195520267784815
17.18823277671295
17.18089206714227
17.17349982492472
17.16605776084018
17.158567608459244
17.151031124184144
17.14345008926495
17.13582631358121
17.128161640975495
17.120457955924824
17.11271719133514
17.104941337247126
17.0971324502433
17.089292663351078
17.081424196240995
17.07352936552496
17.06561059496687
17.05767042542511
17.049711524358717
17.04173669473846
17.03374888322127
17.0257511874624
17.017746862460747
17.009739325857026
17.001732162130683
16.993729125673212
16.985734142745745
16.977751312365562
16.96978490619894
16.961839367571315
16.953919309735266
16.946029513559864
16.938174924819137
16.930360651257963
16.922591959600055
16.914874272627756
16.907213166407445
16.899614367653257
16.892083751115116
16.884627336745915
16.87725128624764
16.869961898426006
16.86276560260425
16.855668949167924
16.848678596158102
16.84180129070634
16.835043844043543
16.828413098830122
16.821915887673306
16.815558981934053
16.809349030294022
16.803292487055064
16.79739553076764
16.791663974505905
16.786103169881887
16.78071790766102
16.77551231853377
16.77048977813729
16.76565282072907
16.76100306593146
16.756541162651583
16.75226675363099
16.748178463123057
16.74427390900695
16.74054973931912
16.737001691843314
16.733624674164695
16.730412860577296
16.72735980151718
16.72445854082241
16.721701736101625
16.719081777788645
16.716590903015586
16.71422130116444
16.711965208775926
16.709814992324223
16.707763218138552
16.70580270942321
16.703926590866473
16.70212832172793
16.70040171855584
16.69874096882961
16.697140636864514
