27.04128140999426
23.323558575289532
21.035490507219034
19.846937666735773
19.214678838341197
18.851928911266608
18.62194444506432
18.460038207153357
18.335169648883582
18.23207804226478
18.142998743618477
18.063788941827433
17.992094393257155
17.926470499786582
17.865954431093435
17.809852724223212
17.757633011863103
17.70886676235383
17.663197462656996
17.62032181283274
17.5799778121008
17.541936671789763
17.505996982566217
17.471980300595042
17.439727687699353
17.409096931279862
17.37996027140122
17.35220251924158
17.32571948472986
17.300416652426275
17.276208058981545
17.253015335644957
17.230766886801426
17.209397181249813
17.188846137405907
17.1690585871442
17.149983805810404
17.13157509819585
17.11378943208449
17.096587112455605
17.0799314906162
17.063788703506205
17.048127439207523
17.032918725330696
17.018135737479763
17.003753625427237
16.989749354984486
16.976101563847475
16.962790429937527
16.949797550959627
16.937105834067136
16.92469939466219
16.912563463479337
16.90068430119867
16.889049119920685
16.877646010905384
16.866463878042214
16.855492376569163
16.8447218566074
16.83414331111714
16.82374832791741
16.813529045443598
16.803478111944038
16.79358864784326
16.78385421102217
16.774268764783887
16.764826648295507
16.75552254931012
16.74635147899063
16.737308748670223
16.728389948397048
16.719590927123225
16.710907774408668
16.70233680352051
16.693874535818217
16.685517686322807
16.677263150377026
16.66910799131035
16.66104942902928
16.65308482946013
16.645211694776933
16.637427654352628
16.629730456376553
16.622117960085806
16.614588128562353
16.607139022051822
16.59976879176275
16.59247567410933
16.585257985363018
16.578114116681704
16.571042529487126
16.564041751163945
16.557110371056254
16.550247036738615
16.543450450541478
16.53671936631132
16.53005258638877
16.523448958788105
16.516907374563683
16.510426765349624
16.504006101060313
16.497644387740063
16.491340665551547
16.485094006893018
16.478903514635498
16.47276832047159
16.466687583367975
16.460660488114872
16.454686243965636
16.44876408336045
16.442893260728646
16.4370730513642
16.431302750369703
16.42558167166423
16.419909147050966
16.414284525340786
16.40870717152792
16.40317646601447
16.397691803880857
16.39225259419882
16.386858259384418
16.381508234588626
16.37620196712293
16.37093891591774
16.365718551011376
16.360540353067975
16.355403812922248
16.350308431149266
16.34525371765779
16.340239191305706
16.33526437953603
16.33032881803185
16.32543205038955
16.320573627808685
16.31575310879732
16.310970058892185
16.306224050392416
16.30151466210579
16.296841479106945
16.292204092506612
16.28760209923081
16.283035101810018
16.278502708176575
16.274004531470897
16.269540189854876
16.26510930633241
16.260711508576698
16.256346428763333
16.252013703409084
16.247712973215926
16.243443882919895
16.239206081144044
16.234999220255954
16.23082295622881
16.22667694850601
16.222560859868835
16.21847435630742
16.21441710689421
16.210388783660214
16.20638906147343
16.2024176179196
16.198474133185123
16.194558289941583
16.19066977323241
16.186808270361055
16.1829734707809
16.179165065986574
16.175382749406936
16.171626216299156
16.16789516364465
16.16418929004576
16.160508295624368
16.156851881921334
16.153219751797565
16.149611609336127
16.1460271597461
16.14246610926731
16.13892816507672
16.13541303519616
16.131920428401536
16.128450054133616
16.125001622410117
16.121574843739914
16.118169429038293
16.11478508954447
16.111421536740842
16.10807848227379
16.104755637876988
16.10145271529634
16.09816942621743
16.094905482194978
16.09166059458468
16.088434474477484
16.08522683263645
16.08203737943624
16.07886582480512
16.075711878170058
16.07257524840447
16.06945564377932
16.06635277191689
16.06326633974814
16.060196053473096
16.057141618524877
16.054102739536955
16.05107912031433
16.048070463807953
16.045076472093225
16.04209684635233
16.03913128686034
16.036179492975435
16.03324116313312
16.030315994844724
16.027403684700072
16.02450392837424
16.021616420639017
16.01874085537844
16.01587692560895
16.013024323503792
16.010182740422422
16.00735186694385
16.00453139290497
16.001721007443233
15.998920399044112
15.996129255592999
15.99334726443178
15.990574112419873
15.987809485999929
15.985053071268004
15.982304554048094
15.979563619971346
15.976829954559399
15.974103243312074
15.971383171799408
15.968669425757788
15.965961691189918
15.963259654469057
15.960563002446845
15.957871422564954
15.955184602970245
15.952502232633295
15.949824001470306
15.947149600468181
15.94447872181225
15.941811059016926
15.9391463070591
15.936484162513556
15.933824323690686
15.931166490776118
15.928510365972233
15.92585565364068
15.923202060446629
