19.8100024787103
20.98403544777379
20.47710579412512
19.81111355435903
19.268399100746084
18.873144646418652
18.594323048916582
18.39709743686306
18.254291762013874
18.146960345519357
18.06251569582926
17.992788785862324
17.93254556368516
17.878460542312347
17.828436085618428
17.78115943950907
17.735816867739096
17.691909848651935
17.64913715508808
17.607319406927655
17.566351021165424
17.526169848295783
17.486738221920906
17.448031355545016
17.410030443251568
17.372718742997243
17.336079522058007
17.300095137511736
17.264746783054818
17.230014603477166
17.195877989889464
17.162315941973016
17.12930743105936
17.096831728330844
17.064868681603894
17.033398935855228
17.002404099462403
16.971866861789074
16.941771069410596
16.912101768720884
16.88284522239093
16.85398890649516
16.825521494283898
16.79743283169504
16.769713908828606
16.742356830799594
16.715354790650103
16.68870204634527
16.662393903294216
16.636426703314548
16.61079782049208
16.58550566395804
16.560549687207555
16.535930403205953
16.511649404164302
16.487709384508655
16.464114165214543
16.440868717332357
16.41797918219028
16.395452885440942
16.373298341826537
16.351525247292848
16.330144454906208
16.309167930948437
16.288608687610648
16.268480688912433
16.24879872686857
16.22957826554191
16.21083525147563
16.192585890103565
16.17484638908081
16.157632671029386
16.14096005990172
16.124842946944373
16.109294443991754
16.094326033412287
16.07994722532823
16.066165233608647
16.052984682468605
16.04040735521417
16.02843199570703
16.01705417149292
16.006266205314592
15.996057179034457
15.986413010992784
15.977316604728053
15.96874806399286
15.960684966320063
15.953102685196168
15.945974749312686
15.939273226461413
15.932969119429263
15.92703276168965
15.921434201694712
15.916143566023482
15.91113139339749
15.906368933496877
15.901828406463416
15.897483220845931
15.893308149442879
15.889279463958784
15.885375030583534
15.881574369512048
15.877858682053741
15.874210849360818
15.870615406960473
15.867058499251135
15.863527817949887
15.860012528203217
15.856503185722822
15.852991647918826
15.849470981596935
15.84593536938274
15.84238001665237
15.83880106039264
15.83519548109338
15.831561018491046
15.827896091740321
15.824199724383716
15.82047147432074
15.816711368840306
15.812919844672948
15.809097692937023
15.805246008792148
15.801366145571325
15.797459673135517
15.79352834017901
15.789574040208455
15.785598780919859
15.781604656704356
15.777593824025274
15.77356847942209
15.76953083991183
15.76548312557571
15.761427544133772
15.757366277327906
15.753301468948592
15.749235214355776
15.745169551358874
15.741106452333465
15.73704781746476
15.732995469018558
15.72895114655036
15.724916502972832
15.720893101408603
15.716882412763287
15.712885813959058
15.708904586775077
15.704939917244769
15.70099289556408
15.697064516468652
15.693155680039785
15.689267192901807
15.685399769775447
15.681554035353164
15.67773052646397
15.673929694496817
15.670151908051816
15.66639745579093
15.662666549459548
15.658959327052065
15.655275856095207
15.651616137024696
15.64798010663068
15.644367641549891
15.640778561782465
15.637212634214055
15.633669576123923
15.630149058662013
15.626650710278671
15.623174120093347
15.619718841188345
15.616284393816958
15.612870268515172
15.609475929108925
15.606100815609087
15.602744346988416
15.599405923835516
15.596084930882192
15.592780739402105
15.589492709478163
15.586220192139155
15.582962531365181
15.579719065962964
15.57648913131278
15.573272060988927
15.570067188256974
15.566873847450358
15.563691375230079
15.560519111731516
15.557356401601783
15.554202594932613
15.551057048092352
15.547919124462041
15.544788195079633
15.541663639197349
15.53854484475569
15.535431208779736
15.532322137700886
15.52921704760904
15.526115364438928
15.523016524095008
15.519919972518291
15.516825165699194
15.513731569640267
15.510638660271427
15.507545923322038
15.504452854152454
15.501358957548241
15.498263747479793
15.495166746830746
15.492067487097144
15.488965508060161
15.485860357435428
15.482751590500252
15.479638769701685
15.476521464247696
15.473399249682792
15.470271707450914
15.467138424446972
15.463998992559127
15.460853008203596
15.457700071853635
15.45453978756464
15.4513717624968
15.44819560643732
15.445010931323337
15.441817350767781
15.438614479589504
15.435401933349235
15.432179327893195
15.428946278906146
15.425702401475379
15.422447309667353
15.419180616119007
15.415901931645394
15.41261086486544
15.409307021847837
15.405990005779111
15.402659416655876
15.399314851003117
15.395955901620745
15.392582157361145
15.38919320293928
15.385788618777994
15.38236798089098
15.378930860805932
15.375476825529944
15.372005437560306
15.368516254943046
15.36500883138157
