17.52157929264259
20.18119668891691
20.768290172372545
20.700310374309453
20.517858875456888
20.372507776368238
20.281243483599436
20.226559327602022
20.189513842524576
20.15807107631729
20.12679198896002
20.094369612873095
20.061454201934186
20.029327533935874
19.999246015191506
19.972140335887314
19.948469933098657
19.928168302795328
19.910685403540686
19.895127456207685
19.880454197147888
19.865669353442208
19.84995442267192
19.832733875307902
19.81369033751472
19.792753636597084
19.770075100244096
19.745986662423523
19.720943558774486
19.6954564094477
19.67002451409928
19.64508226947557
19.620965719476366
19.597900001212096
19.576003800538647
19.55530490021868
19.53576104744715
19.51728168994271
19.49974774726465
19.483027972593117
19.46699143075768
19.451516190961758
19.43649461699348
19.421835754229324
19.407465353986584
19.393324094440622
19.379364569841908
19.36554761838122
19.35183852693997
19.33820357595327
19.32460727054154
19.311010459776806
19.297369397999123
19.283635674517267
19.26975684803801
19.255677576563688
19.241341029001806
19.22669039117637
19.2116703233618
19.196228276611855
19.18031562162938
19.1638885809282
19.14690898016333
19.129344847893922
19.11117089646901
19.092368912738472
19.072928078616386
19.052845230662705
19.032125056897847
19.01078021962948
18.98883138628138
18.966307146751006
18.943243795935935
18.919684963641696
18.895681080648497
18.87128867852049
18.846569530831708
18.821589653795503
18.7964181937578
18.771126236722793
18.745785580312944
18.720467510911778
18.695241628107034
18.670174755152544
18.645329968462942
18.620765771770564
18.596535432224922
18.572686487102093
18.549260421554013
18.52629251047561
18.503811811473522
18.481841291298526
18.460398065029604
18.43949372572715
18.419134742054514
18.399322902295324
18.38005578500901
18.36132723900679
18.343127858129137
18.325445439238752
18.30826541471039
18.291571253356555
18.275344826072704
18.25956673446152
18.24421660228349
18.229273330789844
18.2147153198556
18.200520657390385
18.186667279811363
18.17313310647147
18.15989615089073
18.1469346114895
18.13422694430099
18.121751919880843
18.109488666358743
18.09741670030576
18.085515946837152
18.073766750142987
18.0621498754391
18.050646503166046
18.03923821612997
18.02790698017863
18.01663511893168
18.005405283041924
17.994200414443476
17.983003706046127
17.97179855736431
17.96056852661729
17.94929727991448
17.937968538241194
17.926566023098328
17.91507340181985
17.903474233813736
17.891751919238754
17.879889651960166
17.86787037901921
17.855676769311813
17.843291194696928
17.830695727334984
17.817872157670354
17.80480203808057
17.79146675776191
17.777847654822473
17.76392617169456
17.749684059720003
17.735103637934355
17.72016810949617
17.704861936707033
17.689171272022122
17.673084437826766
17.656592442189574
17.639689511632188
17.622373615792664
17.604646953561986
17.586516366905563
17.56799364824694
17.54909571090994
17.529844600130694
17.510267334251818
17.49039558066689
17.470265186770167
17.44991559986813
17.4293892189597
17.40873072338216
17.387986417738457
17.367203620149496
17.34643010425967
17.325713588240713
17.30510125026494
17.284639242809117
17.264372179459937
17.244342577413054
17.22459025452781
17.20515169816984
17.18605944018124
17.167341484504806
17.149020838736565
17.131115197222144
17.113636811970387
17.096592570740185
17.07998428213855
17.063809148590032
17.048060392306656
17.032727988716267
17.017799456953664
17.003260657732483
16.98909655420432
16.97529189986434
16.961831827673493
16.948702324982808
16.935890588515942
16.923385261886544
16.91117656454057
16.899256325517126
16.88761793812773
16.8762562527833
16.865167425047943
16.854348734871166
16.843798391151747
16.833515333575846
16.82349904128757
16.81374935556707
16.804266321455593
16.795050051273005
16.786100611279576
16.7774179313711
16.769001736656435
16.760851499038658
16.752966406460427
16.74534534724584
16.737986906925045
16.730889375019117
16.7240507594504
16.717468806491002
16.711141024437513
16.70506470948452
16.699236972540447
16.69365476598048
16.6883149095531
16.683214114849612
16.67834900790512
16.67371614963302
16.669312053902413
16.66513320315213
16.661176061505323
16.65743708540062
16.653912731801995
16.650599464083747
16.647493755717946
16.64459209191779
16.64189096941267
16.639386894551247
16.637076379945942
16.63495593988695
16.63302208476604
16.631271314758084
16.629700113012817
16.628304938608157
16.627082219512506
16.626028345792314
16.62513966328617
16.624412467947234
16.623843001030444
16.623427445274345
16.62316192219463
16.62304249057534
16.62306514620891
16.62322582290288
16.623520394739675
16.623944679545307
16.62449444349681
