121.24012783775198
249.96141836063404
367.41291214614563
463.32024940814574
462.5361468589791
489.42049393886833
525.2372850202312
506.67060307632823
498.33143464873444
510.0321176722994
515.8619416160961
518.6615648483387
483.93736719704094
455.80673616903636
479.2265290417413
494.36450228649596
475.2291389756163
470.120026017611
481.87874653174134
487.6875280065078
504.62809731329054
501.6402855493094
474.2946768960952
479.8029362229587
466.86305104238005
471.91110181562044
488.8538030610807
500.71637074769507
490.69046689378916
451.64689914224004
495.9823191228865
472.45586633297006
481.2432711866758
498.63885483216865
499.17974934044673
493.3388386435167
505.7134908449732
513.7515942429327
517.7704190387528
519.7795756315295
520.7838633365382
521.2856742174391
521.5361943341914
521.6610033595641
521.7228728214942
521.753162702858
521.7675155088285
521.7736958331503
521.7754961427389
521.7746613635168
521.7717880704301
521.7666136959707
521.7576692293677
521.7400702336236
521.6890425195608
518.2020081704237
548.4250306627558
528.4072447058139
513.5211949326509
513.7245685483498
514.3709777068859
511.8078895228125
504.90782269298523
471.11828405651744
487.61226061776676
497.4266983312854
492.35591963626274
496.47598900755366
496.3513595628148
482.08728503873317
488.0684697646346
497.2509776550848
495.82709202483124
498.58405846727305
499.67321530231266
500.18520451304306
494.19464337269955
504.6016510216536
507.82295175620993
516.565021135044
502.65252308783477
500.1735469811604
505.22825062400676
501.36570029484136
510.81619945530736
483.1504391149832
502.473004659564
512.1342780745364
516.9649052167251
519.3802090075238
520.5878509002822
521.1916616139904
521.4935565000976
521.6444932259085
521.7199506162461
521.7576680742685
521.7765152918493
521.7859271047366
521.7906209201059
521.7929554303029
521.7941099696781
521.7946741929678
521.7949429144445
521.7950635274474
521.795109714097
521.7951183001104
521.7951076821397
521.7950870413899
521.7950609503604
521.7950316761409
521.795000331984
521.7949674530075
521.7949332839491
521.7948979229456
521.7948613933122
521.7948236793045
521.7947847438728
521.7947445373907
521.7947030018544
521.7946600728109
521.7946156801174
521.7945697481109
521.7945221954491
521.7944729347629
521.7944218721836
521.7943689067838
521.7943139299147
521.7942568244731
521.7941974640654
521.7941357120687
521.7940714205755
521.7940044292043
521.7939345637533
521.7938616346788
521.7937854353693
521.7937057401693
521.7936223021344
521.793534850461
521.7934430875243
521.7933466854695
521.7932452822674
521.7931384771388
521.7930258252142
521.7929068312925
521.7927809425049
521.7926475396495
521.7925059269204
521.7923553196625
521.7921948296904
521.7920234475981
521.7918400213039
521.7916432298665
521.7914315512892
521.7912032226722
521.7909561904569
521.7906880477879
521.7903959549021
521.7900765369154
521.7897257511393
521.7893387127275
521.7889094625112
521.7884306532754
521.7878931188432
521.7872852713186
521.7865922404987
521.7857946162869
521.7848665615124
521.7837728917383
521.7824643914931
521.780869975247
521.7788828756711
521.7763347150917
521.7729427494521
521.7681905068653
521.7610147287411
521.7487779661374
521.722232476215
521.5739805847011
492.07760104870255
500.1317713475802
490.7907134866886
500.7858162553924
520.1447440226534
520.9682548869903
521.3798961795287
521.5855927945381
521.6883058339581
521.7395142480141
521.7649555918052
521.777496319824
521.7835668216004
521.7863787886353
521.7875336906138
521.7878267236374
521.7876483707595
521.787184578595
521.7865159415744
521.7856658994192
521.7846226091856
521.7833461793572
521.7817658278365
521.7797665086546
521.7771584260215
521.7736097186487
521.7684835078007
521.7603717831785
521.7453371103767
521.7052537795904
512.20108175658
531.2840575492321
531.4628233587031
488.39886264708554
467.9305769505546
469.1073767350914
471.1205143826708
492.0814464420795
503.36959526715555
467.39978693226766
441.27926075874984
416.93582166248234
439.4226187017863
464.19052967813633
463.66165347107545
492.68752838813754
507.1517694569719
510.99437217674847
499.78325206648486
510.65351222680965
480.06292108382837
511.491766572399
565.4411646793426
583.0780031024336
524.4522913562079
504.438098597766
497.4597333050873
493.6760677119224
490.95041766331036
470.1094818590899
476.1180906773126
480.93440078425255
469.8923031118766
469.7355286460787
466.4699079447114
493.984260114581
459.09421824270805
469.43298892047477
495.59923509097246
508.6778532428765
515.2091208493179
518.456266179084
519.9791854037711
