27.632025795220304
28.38050528868074
26.823360268647487
25.37565172821226
24.264074292499263
23.46546635617231
22.902921863296395
22.507679372398187
22.226114168204877
22.0185949607145
21.857716424874265
21.725780360402318
21.61208430676734
21.510568827719762
21.417976696485848
21.332520989470087
21.253031409052554
21.178510500759764
21.10798606960179
21.040530906230114
20.97534305898717
20.91182023419262
20.849599257046442
20.78855553663365
20.728768435584417
20.67046166242074
20.613928585936684
20.559453432938877
20.507240525667154
20.457363324999438
20.409741665453925
20.364149444644443
20.320248092540915
20.27763587749183
20.235901162259285
20.194669220097573
20.153635972079147
20.11258633711748
20.07139842580855
20.030036893718105
19.988539410349926
19.946999812236147
19.905550612483548
19.86434655895954
19.82355012141249
19.783319237129664
19.74379734077827
19.705105580012376
19.667337096128925
19.63055326312622
19.59478178662412
19.56001654800954
19.526219040109762
19.49332119180371
19.461229337150616
19.429829063859202
19.398990683605042
19.368575102917113
19.338439932293838
19.308445742800117
19.278462448833753
19.2483758401491
19.21809427038289
19.187555387905736
19.156732531839946
19.12564002736269
19.094336216605623
19.06292288056607
19.03153999389551
19.000355609594052
18.969551894465138
18.93930945300893
18.909792584722332
18.881137796629112
18.85344692386649
18.826785039291273
18.80118238588579
18.7766390634577
18.75313113453856
18.730617038558538
18.70904354838326
18.688350842204883
18.668476530602355
18.649358656162928
18.63093778212911
18.613158328255768
18.59596931751986
18.579324683068606
18.563183262003218
18.547508577965083
18.532268491519012
18.517434777523246
18.50298267241503
18.488890421434476
18.475138845832948
18.461710942581558
18.448591523539296
18.43576689705054
18.42322459216997
18.410953123870737
18.398941796445424
18.387180541675907
18.375659788078334
18.364370357512595
18.353303385593176
18.342450262589523
18.331802591807428
18.321352162770484
18.31109093684368
18.30101104324888
18.291104783700394
18.28136464413719
18.271783312237115
18.262353699574884
18.253068967422468
18.24392255529781
18.23490821144131
18.22602002444955
18.217252455321248
18.2086003691823
18.200059065953734
18.19162430922328
18.183292352573503
18.17505996262386
18.16692443805541
18.15888362391862
18.15093592057455
18.143080286690736
18.135316235809672
18.127643826123936
18.120063643228622
18.11257677577543
18.105184784116723
18.097889662198934
18.090693793134694
18.08359989904749
18.076610985935396
18.069730284433994
18.062961187471647
18.056307185896607
18.049771803210632
18.043358530572355
18.03707076322663
18.03091173948047
18.024884483280218
18.018991751351493
18.013235985747265
18.007619272511786
18.002143307017555
17.99680936637043
17.991618289112
17.986570462283
17.981665815751413
17.97690382356044
17.972283511916896
17.967803473323233
17.96346188626087
17.95925653975749
17.955184862118468
17.951243953073412
17.94743061857734
17.943741407518555
17.940172649610332
17.936720493785405
17.93338094646528
17.930149909138315
17.92702321474742
17.92399666246067
17.92106605046831
17.918227206523692
17.915476016011016
17.912808447388525
17.91022057491548
17.907708598622445
17.90526886153275
17.90289786418237
17.900592276519518
17.89834894729282
17.89616491105775
17.894037392948864
17.89196381137484
17.889941778802772
17.887969100799513
17.886043773500536
17.884163979673726
17.88232808354253
17.88053462452734
17.87878231005774
17.877070007601663
17.875396736050256
17.873761656589068
17.872164063178992
17.87060337276275
17.869079115305052
17.86759092376649
17.86613852410515
17.86472172539117
17.86334041011251
17.86199452474287
17.860684070635205
17.859409095296538
17.85816968409131
17.8569659524141
17.855798038363158
17.85466609593909
17.853570288784724
17.852510784475015
17.851487749357187
17.85050134393608
17.84955171879098
17.848639011005545
17.847763341086345
17.846924810341875
17.846123498688303
17.845359462847107
17.8446327348966
17.84394332113846
17.843291201239854
17.84267632761242
17.84209862499002
17.84155799016974
17.84105429188231
17.840587370760534
17.840157039379086
17.839763082340273
17.83940525638544
17.839083290514296
17.83879688609879
17.838545716980303
17.838329429543435
17.838147642761534
17.83799994821211
17.8378859100631
17.837805065031695
17.837756922320644
17.837740963536618
17.8377566425982
17.837803385639102
17.837880590915717
17.83798762872539
17.838123841343887
17.838288542988817
17.838481019815898
17.838700529955037
17.83894630359054
17.839217543091312
17.839513423194227
17.839833091244166
17.84017566749218
17.84054024545326
17.84092589232375
