18.954643585344407
21.79915180928812
22.0629331765269
21.852080079461675
21.533322839818144
21.191470484047226
20.855570014390796
20.53933575488921
20.24941479353978
19.988054920506944
19.754735572752125
19.547379730424396
19.36320346214226
19.199253372226284
19.05270980834404
18.921033298532908
18.802015531062334
18.693777391058628
18.594740980721284
18.50359145678855
18.419237318247283
18.340773406378098
18.267448377124023
18.198637060791516
18.13381745994698
18.072551854127564
18.0144714006767
17.959263641751264
17.906662391506714
17.856439554740117
17.808398504154354
17.762368711483255
17.71820138590707
17.675765921526793
17.63494699512289
17.595642187280486
17.55776002550788
17.52121836837462
17.485943065948582
17.45186684475004
17.41892837573196
17.387071491990376
17.356244529431326
17.326399768819257
17.297492961779106
17.26948292663203
17.242331202590407
17.21600175295129
17.19046070962004
17.16567615265348
17.14161791960087
17.11825744029592
17.095567593462118
17.073522582062814
17.052097824794437
17.031269861499997
17.01101627059367
16.991315596845496
16.972147288094884
16.953491639643037
16.935329745234444
16.917643453672003
16.900415330231166
16.883628622141845
16.867267227502417
16.851315667072182
16.83575905846459
16.820583092331884
16.80577401019097
16.791318583597043
16.77720409441936
16.763418316016935
16.749949495152094
16.73678633451142
16.723917975735155
16.711333982879694
16.69902432626071
16.68697936664116
16.67518983974338
16.66364684107707
16.652341811082668
16.64126652059759
16.63041305665733
16.619773808646723
16.609341454817507
16.599108949190654
16.589069508859126
16.57921660170811
16.569543934565594
16.560045441795328
16.550715274341805
16.541547789233217
16.532537539546738
16.523679264837323
16.514967882028337
16.50639847676067
16.49796629519398
16.48966673625181
16.4814953443008
16.473447802252444
16.46551992507354
16.45770765369251
16.450007049284814
16.44241428792285
16.43492565557299
16.4275375434234
16.42024644352505
16.413048944729418
16.405941728905248
16.39892156741767
16.39198531785324
16.385129920974613
16.378352397888825
16.371649847414307
16.365019443631862
16.358458433605357
16.35196413525881
16.345533935397157
16.33916528785855
16.332855711786532
16.3266027900117
16.320404167532473
16.314257550085483
16.308160702797316
16.302111448908796
16.296107668564424
16.29014729766054
16.28422832674524
16.278348799964338
16.272506814048153
16.266700517334524
16.260928108822917
16.255187837256795
16.249478000229715
16.243796943312645
16.23814305919965
16.23251478686913
16.22691061075908
16.221329059954062
16.21576870738248
16.210228169022855
16.204706103117946
16.199201209395742
16.193712228296754
16.188237940206644
16.182777164694432
16.17732875975517
16.171891621057583
16.166464681195997
16.161046908947096
16.15563730853104
16.150234918877743
16.1448388128976
16.139448096757686
16.134061909163396
16.1286794206456
16.123299832854123
16.117922377857376
16.11254631744864
16.107170942459607
16.10179557208132
16.09641955319266
16.091042259696852
16.085663091866923
16.080281475699305
16.074896862276763
16.06950872714065
16.0641165696728
16.05871991248729
16.053318300832427
16.047911302003072
16.04249850476351
16.037079518781514
16.031653974072764
16.026221520456996
16.020781827025296
16.01533458161885
16.00987949031914
16.004416276950135
15.99894468259189
15.993464465106278
15.987975398674395
15.982477273346078
15.976969894601154
15.971453082922983
15.9659266733835
15.960390515240743
15.954844471547725
15.94928841877368
15.943722246436618
15.938145856748063
15.93255916426907
15.926962095578045
15.921354588949649
15.915736594045324
15.910108071614827
15.904468993208642
15.898819340901568
15.893159107026454
15.887488293918805
15.881806913671465
15.876114987899365
15.8704125475141
15.86469963250793
15.858976291747258
15.853242582775218
15.84749857162271
15.841744332628414
15.83597994826639
15.830205508982173
15.824421113036022
15.818626866353684
15.812822882383816
15.807009281962095
15.80118619318181
15.795353751269836
15.78951209846852
15.783661383922503
15.777801763570391
15.771933400040774
15.76605646255235
15.760171126817507
15.754277574949345
15.748375995371523
15.742466582730403
15.736549537809465
15.730625067445386
15.724693384445482
15.718754707506124
15.712809261131511
15.706857275552927
15.700898986647813
15.694934635858164
15.688964470108383
15.68298874172147
15.677007708334308
15.671021632810723
15.665030783152526
15.65903543240813
15.65303585857855
15.647032344520522
15.641025177845998
15.635014650818809
15.629001060247347
15.622984707373387
15.616965897757071
15.610944941157568
15.604922151409443
15.598897846294793
15.592872347410388
15.58684598003064
