15.058099010686988
20.212388234364017
21.770064325492616
22.26950942142633
22.429947565156127
22.46567763329931
22.450702854158635
22.410082897495364
22.349672565059866
22.269097807914882
22.167558890408973
22.04589069134492
21.906782228166435
21.754215759131263
21.592698402706077
21.426594678811956
21.259691150819048
21.094999583721485
20.934739679707235
20.780425224796765
20.632987128964448
20.492889772297325
20.36022456944994
20.234786617775736
20.116148428790517
20.00373912278117
19.896926253359236
19.795089826434594
19.697677971420713
19.604239077955615
19.51443165902285
19.428017518444808
19.34484507720062
19.264828695356755
19.187927798551993
19.114127643849024
19.04342221898543
18.975799200792963
18.911226951809883
18.8496439119998
18.79095111419336
18.735008648282918
18.68163659764125
18.630620338876987
18.581719354610932
18.534678125969705
18.489237437238874
18.44514458374347
18.40216143401951
18.360069895637253
18.318674907932632
18.277805519117216
18.237314845903345
18.19707975859835
18.157001013466083
18.117004311601825
18.077042448164537
18.037098375818825
17.997188688529462
17.957366781021744
17.917724795711468
17.878393466419467
17.83953912958877
17.801357502844755
17.76406429879516
17.727883275407848
17.693032809042876
17.65971238888136
17.628090487909905
17.59829505741971
17.570407486279507
17.544460370698435
17.52043895925758
17.49828574565227
17.477907416542656
17.45918323510461
17.44197394376262
17.426130379042124
17.411501173743147
17.397939137944046
17.385306124189775
17.373476365679007
17.362338413366277
17.351795884323256
17.341767274014103
17.33218508898502
17.32299453518223
17.31415196131475
17.305623214965987
17.297382027700603
17.289408508079124
17.28168779027648
17.27420886152392
17.266963573569633
17.25994583098615
17.253150941419015
17.24657510871178
17.240215048294598
17.23406770446287
17.228130050540933
17.22239895493228
17.216871098336025
17.211542929725525
17.20641065087543
17.201470221208545
17.196717376464598
17.192147656165687
17.187756436073915
17.183538962829772
17.17949038875177
17.175605805398273
17.171880274969578
17.16830885898885
17.16488664396742
17.161608763952344
17.158470419989126
17.1554668966251
17.152593575636093
17.149845947194233
17.147219618711276
17.1447103215952
17.142313916154528
17.140026394873576
17.137843884269035
17.135762645521496
17.133779074060083
17.131889698260817
17.130091177402583
17.128380299010196
17.1267539756975
17.12520924161153
17.123743248564654
17.12235326193144
17.12103665637573
17.119790911464843
17.11861360721861
17.117502419635
17.116455116226394
17.1154695515958
17.114543663076248
17.11367546645422
17.112863051792072
17.11210457936259
17.111398275706232
17.110742429818085
17.110135389470734
17.109575557677246
17.109061389296393
17.108591387782543
17.10816410207953
17.107778123659177
17.107432083702623
17.107124650422765
17.10685452652592
17.106620446809792
17.10642117589409
17.106255506080647
17.10612225533954
17.10602026541595
17.105948400054288
17.105905543334025
17.105890598112644
17.105902484570432
17.10594013885092
17.106002511792084
17.106088567741544
17.10619728344993
17.10632764703582
17.1064786570155
17.106649321391384
17.106838656791247
17.10704568765213
17.107269445441336
17.107508967907783
17.107763298356215
17.10803148493766
17.108312579949054
17.108605639135128
17.10890972098659
17.10922388602752
17.109547196086957
17.10987871354866
17.11021750057387
17.110562618293613
17.110913125965297
17.111268080091246
17.11162653349676
17.11198753436576
17.11235012523339
17.11271334193571
17.113076212517534
17.113437756101387
17.113796981719794
17.114152887116468
17.114504457521967
17.114850664410206
17.115190464245686
17.11552279722972
17.115846586057998
17.116160734701637
17.116464127225722
17.116755626661522
17.117034073948485
17.117298286965454
17.11754705966997
17.117779161367775
17.11799333613411
17.11818830241077
17.11836275280319
17.118515354102875
17.11864474756104
17.118749549439336
17.11882835186365
17.118879724006632
17.118902213623574
17.118894348964908
17.118854641086525
17.1187815865772
17.118673670718408
17.118529371089007
17.11834716162178
17.11812551711394
17.117862918188745
17.117557856696926
17.11720884154077
17.1168144048961
17.1163731087974
17.115883552045485
17.115344377385888
17.11475427889917
17.114112009535667
17.113416388718928
17.112666309935985
17.11186074822571
17.110998767472957
17.110079527412452
17.109102290245872
17.108066426775682
17.10697142196334
17.105816879824083
17.10460252757822
17.103328218989134
17.10199393682894
17.10059979442769
17.099146036275766
17.09763303766634
17.096061303380583
17.094431465435903
17.092744279933203
17.091000623055233
17.089201486281727
