40.944854551107575
41.42519201527109
39.969424505210895
37.212636193540355
35.0445077451731
33.3200043609179
31.82729034529739
30.649325016411556
29.8657701762163
29.359195928188434
29.090764832189425
28.969351924187393
28.9303907277377
28.93856669597781
28.996679942927326
29.07752368588244
29.156657148790945
29.218395808443876
29.25852724188259
29.28114937183057
29.292093176262867
29.297237169498686
29.302397574380013
29.31172865143282
29.326607867989427
29.346291348415022
29.369323107043027
29.3945458947075
29.421428841436523
29.44993300487358
29.480210479012207
29.512347930451387
29.5462512451152
29.581667602461266
29.618283070603933
29.655825526588792
29.694127594809764
29.73313796231646
29.772894590256932
29.81348337340383
29.855002476944936
29.897542338805177
29.941181182924147
29.98599020634818
30.03204203575561
30.079418632260037
30.128217908864475
30.17856006207915
30.23059443969985
30.28450605720925
30.3405183743004
30.39888641041966
30.459872709553345
30.52369972303034
30.590477522730918
30.66011315155678
30.732204257574818
30.80587920528025
30.879445527790377
30.94954464652862
31.009270503106094
31.044405500597957
31.027833306903247
30.92175128247522
30.71268315293931
30.462223250692947
30.260021492713374
30.1361795231963
30.07405929255269
30.028327369635875
29.96688629303061
29.893871174358953
29.821348152159935
29.74426743137584
29.6495580166381
29.535243053803377
29.412745061304413
29.295419372426117
29.191449867806845
29.10625077530795
29.04293148469021
28.998709792500982
28.965962094227184
28.938592405711184
28.915327348670814
28.897275744416568
28.884614819372292
28.876375535803348
28.871769552111214
28.870067148285077
28.869615932307745
28.868301057019977
28.865124352773886
28.860728275284906
28.856368122534857
28.852816360378682
28.850277611599047
28.848751217457618
28.84799125228228
28.847328616823372
28.845996523638433
28.84372222114449
28.840865330111285
28.838009932921864
28.835553685144518
28.833639184872244
28.8322393753125
28.83116196871537
28.83006764454426
28.828646657931888
28.82682385172854
28.82477289291756
28.82275040157147
28.820940202926195
28.81941026693414
28.8181277579741
28.816975694799464
28.815795340752278
28.81446905973147
28.81298517898464
28.81142685876007
28.80990504481515
28.808498880772056
28.80723367600012
28.806083835321324
28.804987962970372
28.803877394491387
28.802710680783793
28.801491823986524
28.8002598081093
28.799061399589522
28.7979280405593
28.796866357725776
28.79586015475754
28.794880190469186
28.79389867365465
28.792902261089708
28.79189623129053
28.790898236429317
28.789927222074084
28.788994529120107
28.788100468245123
28.78723607242958
28.786388356980556
28.7855466893525
28.78470726983005
28.783873602819945
28.78305330262897
28.78225361466987
28.78147810765
28.78072569154127
28.77999182455116
28.779271016582065
28.778559371897313
28.777855989649446
28.77716270585216
28.776482592570265
28.77581819026782
28.77517035005895
28.774538063067673
28.77391914721861
28.77331133760946
28.772713227205085
28.77212464714597
28.771546402809857
28.77097961095538
28.77042502776037
28.769882676640417
28.769351880752712
28.76883160618769
28.768320904947814
28.767819238975697
28.767326557171142
28.766843135143198
28.76636929777055
28.765905175646747
28.765450599501968
28.765005152762523
28.76456832779934
28.764139695477986
28.76371900817015
28.7633062014005
28.762901312734655
28.762504371353582
28.762115314661113
28.761733964518854
28.761360062110022
28.760993334150292
28.760633554236335
28.76028057221468
28.759934304265396
28.75959469588158
28.75926168001249
28.758935150431103
28.75861495943005
28.758300936069997
28.757992912610142
28.757690745439618
28.757394321995918
28.757103553231666
28.756818357902795
28.756538647459212
28.7562643182982
28.755995253432065
28.755731330923968
28.75547243388401
28.755218457132923
28.754969308127833
28.754724902843254
28.754485159473436
28.75424999324802
28.75401931448907
28.753793030132112
28.753571047309904
28.75335327693516
28.75313963562907
28.752930045427387
28.752724431825193
28.752522721370003
28.752324839976975
28.752130712576186
28.751940263971754
28.7517534202633
28.751570110054153
28.751390264922552
28.75121381907536
28.751040708492454
28.750870870041272
28.750704240960474
28.750540758860147
28.7503803621243
28.750222990437653
28.75006858515982
28.749917089395634
28.74976844777895
28.749622606115214
28.749479511064408
28.74933910998985
28.749201350998735
28.74906618310692
28.74893355641798
28.74880342222216
28.74867573297715
28.748550442193572
28.74842750428791
28.748306874468355
28.748188508689772
28.7480723636763
28.747958396979325
28.74784656702922
28.747736833150576
