17.594368253595302
21.842919481024
22.97233696283883
22.907483271940453
22.42176343615947
21.832869735293666
21.263134979630763
20.75256162006883
20.3079969885853
19.92422002706491
19.59266870053532
19.3047984862141
19.053177546653938
18.831680906720873
18.635365528171967
18.46026326697301
18.30317991266981
18.161526908327925
18.033188652024577
17.91642047470234
17.809770843696445
17.71202197780814
17.62214424208614
17.539260825181866
17.462620120547378
17.39157392472152
17.325560070342384
17.264088474236946
17.206729841211402
17.15310645185168
17.102884599231306
17.055768339965038
17.011494299961775
16.969827331722097
16.930556863093656
16.893493810552975
16.858467955820082
16.82532570473209
16.79392816312265
16.76414947695542
16.735875393882576
16.709002011301003
16.683434682295903
16.65908705592892
16.635880232403967
16.613742016935078
16.59260625881028
16.572412264312877
16.55310427393683
16.534630995786
16.516945188246126
16.500003286011903
16.483765064377703
16.468193337392265
16.453253686060172
16.43891421326385
16.425145322498636
16.41191951787027
16.399211223110772
16.38699661763238
16.37525348786877
16.3639610923504
16.353100039135292
16.342652174367636
16.33260048087032
16.32292898579438
16.31362267645242
16.304667423553806
16.296049911141388
16.287757572601272
16.27977853218069
16.272101551506957
16.264715980650404
16.25761171332019
16.25077914582217
16.244209139443935
16.237892985965168
16.23182237602003
16.225989370064422
16.2203863717242
16.215006103321798
16.20984158339693
16.204886106054445
16.200133221987347
16.19557672103659
16.19121061616211
16.187029128709888
16.183026674870685
16.179197853234427
16.175537433352886
16.172040345230357
16.16870166966908
16.165516629401935
16.162480580950312
16.159589007150736
16.156837510297407
16.154221805852753
16.151737716681353
16.14938116776627
16.14714818136996
16.145034872604377
16.143037445378443
16.14115218869237
16.139375473251132
16.13770374837147
16.136133539158344
16.134661443928927
16.13328413186303
16.13199834086127
16.13080087559315
16.129688605718368
16.128658464266106
16.12770744615815
16.126832606862383
16.12603106116457
16.125299982046887
16.124636599662786
16.124038200397973
16.123502126008823
16.12302577282964
16.122606591040906
16.122242083991182
16.12192980756648
16.121667369600377
16.1214524293196
16.121282696819748
16.1211559325665
16.121069946917828
16.121022599663284
16.121011799576852
16.121035503979797
16.121091718311085
16.121178495701923
16.121293936553066
16.121436188111574
16.12160344404609
16.1217939440186
16.122005973251195
16.12223786208674
16.122487985542197
16.122754762853912
16.12303665701411
16.123332174297953
16.12363986378056
16.123958316844192
16.124286166674707
16.124622087748005
16.12496479530549
16.125313044819716
16.12566563144929
16.12602138948461
16.126379191783126
16.126737949196258
16.12709660998661
16.127454159237608
16.12780961825493
16.128162043960685
16.128510528280994
16.128854197527225
16.129192211772192
16.129523764220956
16.129848080577567
16.13016441840838
16.130472066502247
16.13077034422842
16.13105860089282
16.131336215093338
16.1316025940746
16.13185717308321
16.13209941472346
16.13232880831481
16.132544869251007
16.132747138362273
16.132935181279883
16.13310858780506
16.133266971281422
16.133409967972366
16.133537236443253
16.133648456949274
16.13374333082895
16.133821579904243
16.133882945886903
16.13392718979195
16.13395409135868
16.13396344847881
16.13395507663286
16.133928808334424
16.133884492582897
16.13382199432461
16.13374119392295
16.133641986637016
16.133524282109786
16.13338800386495
16.133233088813512
16.1330594867694
16.132867159974825
16.132656082634902
16.13242624046218
16.13217763023036
16.131910259337904
16.131624145381203
16.13131931573739
16.13099580715665
16.130653665364132
16.130292944671417
16.129913707597307
16.12951602449825
16.12909997320793
16.128665638686076
16.128213112676516
16.12774249337427
16.127253885101744
16.126747397993537
16.12622314769023
16.12568125504066
16.125121845812938
16.12454505041353
16.123951003615016
16.123339844291586
16.122711715162893
16.12206676254552
16.121405136112415
16.12072698865983
16.120032475881565
16.119321756150836
16.118594990309067
16.1178523414619
16.11709397478198
16.116320057318635
16.11553075781381
16.114726246525034
16.11390669505429
16.11307227618323
16.112223163714177
16.111359532317618
16.110481557384823
16.109589414886475
16.108683281236615
16.107763333162094
16.106829747577194
16.10588270146318
16.104922371753087
16.10394893522117
16.102962568377
16.10196344736447
16.100951747864766
16.09992764500413
16.098891313265558
16.097842926404766
16.096782657369882
16.095710678225412
