16.27749121838836
18.988464938870862
19.771721254578456
19.95645135911086
19.989026116273102
19.989279502641452
19.98990283223305
19.997496102214086
20.01052259115621
20.0254219174399
20.038974019127703
20.049180770183746
20.05535514029088
20.057756268801256
20.057071974928373
20.053980645150478
20.048895932041514
20.041888937017383
20.032730483583812
20.02099154296921
20.006158493173363
19.98774119825071
19.96536574987365
19.938848650749314
19.90824850229598
19.873889345929015
19.83634949148921
19.796411750076487
19.75497712659742
19.71295612039754
19.671164633548255
19.630252865059642
19.59068089998438
19.552734675174783
19.51656427748443
19.482226683201112
19.449721813311402
19.41901793314571
19.390066985638775
19.36281229229106
19.33719119465346
19.313134635326325
19.290564993622777
19.26939294349937
19.24951372795955
19.230803002184672
19.213112239023616
19.196263593186252
19.18004409700599
19.164199161846113
19.148425686135678
19.132365795278005
19.115603611945506
19.097669742994448
19.078061362032578
19.056288840041912
19.031959526273415
19.00489911111055
18.975284669014584
18.94372659652742
18.911221437665965
18.878947745072484
18.84798244345064
18.819080092913232
18.792606841877436
18.768610116460298
18.746942495882116
18.72737126685309
18.709647500648423
18.69353865436888
18.678838529939014
18.66536663409034
18.652964169631677
18.641489977607446
18.630817491501322
18.620832741627694
18.611433109893312
18.60252650429661
18.59403069809732
18.585872671608357
18.57798787266777
18.57031936721176
18.562816885526964
18.55543578739607
18.548135975854148
18.540880789703756
18.533635903536318
18.526368264015677
18.51904509486151
18.511633011759805
18.504097302980927
18.496401451605024
18.48850699941512
18.480373877046986
18.471961342820563
18.46322967212911
18.454142703469817
18.44467125600296
18.434797269810733
18.424518282353386
18.41385157474398
18.402837078619562
18.391538050491285
18.380038719739073
18.368438650751877
18.356844335979773
18.345359308300417
18.334074523100792
18.32306070994238
18.312363849458823
18.30200412239458
18.29197791107564
18.282261938066792
18.272818474014425
18.263600670890508
18.254557349301574
18.245636868366347
18.236789957251524
18.227971559132648
18.219141833818888
18.210266502379568
18.201316716473023
18.19226861391264
18.18310269233392
18.17380310197759
18.164356930469175
18.154753528756714
18.144983908467918
18.135040226598868
18.124915363054242
18.114602589414098
18.10409532270009
18.093386955198778
18.082470750013382
18.071339791494324
18.059986979689384
18.04840505819598
18.036586665132187
18.02452439728669
18.01221087785936
17.999638818622767
17.986801067923682
17.97369063683994
17.960300697148114
17.946624546655613
17.932655539960905
17.91838698580405
17.90381201571197
17.888923432388864
17.87371354989505
17.858174040692063
17.842295806694086
17.826068892200926
17.809482455785865
17.79252481583506
17.775183580652286
17.757445869215633
17.739298623289304
17.72072900620533
17.701724878758526
17.682275338710316
17.662371307617168
17.642006147143427
17.62117628655169
17.599881843428197
17.578127220532558
17.55592166260762
17.533279757719104
17.510221868011666
17.486774474595016
17.462970420711383
17.43884903664411
17.414456129421833
17.38984382075635
17.365070218371294
17.340198909406055
17.31529827022525
17.29044059476705
17.26570105322158
17.241156503664772
17.21688419028988
17.19296037185798
17.16945893168541
17.14645002480915
17.123998818196437
17.102164375758502
17.080998731809956
17.06054618530402
17.040842833859724
17.02191635264187
17.003786009894785
16.98646289948345
16.969950361942953
16.95424455967199
16.939335169045354
16.925206152076395
16.91183657233827
16.899201423554672
16.88727244399006
16.87601889495665
16.86540828696536
16.855407041953583
16.8459810844112
16.83709635798683
16.828719267259714
16.820817046821293
16.813358061686994
16.806312044413165
16.799650275201692
16.7933457117966
16.78737307617687
16.781708904968685
16.776331570186567
16.77122127640143
16.766360039757163
16.761731653453566
16.757321643416237
16.75311721691814
16.7491072059456
16.74528200614974
16.74163351133727
16.738155042675032
16.73484127114995
16.73168813138845
16.72869272473004
16.725853209505807
16.723168676817295
16.720639010749686
16.718264732878858
16.716046832099707
16.713986582147168
16.712085350602084
16.710344404538162
16.70876471913287
16.70734679638155
16.706090501385653
16.704994923442204
16.704058268299494
16.70327778649907
16.702649740801768
16.702169413463526
16.701831151800615
16.70162844828747
16.70155404957814
16.701600087490338
16.701758224245115
16.702019804127787
16.702376004186153
16.702817977497332
16.703336983780908
16.7039245035529
