0.12524184525468693
0.14510193340359914
0.1505893433781249
0.1523069454992749
0.15285459991019015
0.15297629729695636
0.1529253046634704
0.15278689849446409
0.15258082750443241
0.15230553792703885
0.15195791252024143
0.15154032291819547
0.1510614604093536
0.15053451901727302
0.14997464508871325
0.14939668489325922
0.14881368087456376
0.14823615584502278
0.14767200310043552
0.1471267354216424
0.1466038707742897
0.14610530510380648
0.14563161490501877
0.14518230858768477
0.1447560751056415
0.14435105906399529
0.143965151502887
0.14359625773629817
0.14324250260855972
0.14290235257990133
0.14257465755928997
0.14225863154262383
0.14195379631679686
0.14165990925804176
0.1413768891656565
0.14110474701089754
0.1408435236167304
0.1405932341929227
0.14035381983212508
0.14012510746353224
0.13990678114594046
0.13969836795262872
0.1394992405805242
0.13930863643841396
0.1391256901548131
0.13894947420274192
0.13877904139479116
0.1386134635406416
0.13845186224979783
0.13829343009686132
0.13813744253132998
0.13798326256861893
0.1378303412332809
0.13767821692339938
0.13752651643359728
0.13737495947679804
0.13722336736201818
0.13707167519760582
0.13691994577325658
0.1367683822997759
0.13661733660922923
0.136467309373052
0.13631893947646564
0.13617298091813204
0.1360302673840579
0.13589166670016908
0.13575802926316977
0.13563013580476163
0.13550865012330204
0.13539408167079853
0.13528676135604628
0.13518683202446483
0.1350942532057772
0.13500881817516383
0.1349301803115174
0.134857885209705
0.1347914049859488
0.1347301716203002
0.13467360687720434
0.13462114718234916
0.13457226266717948
0.13452647031067516
0.13448334164717157
0.13444250585102685
0.1344036491708144
0.13436651170471284
0.13433088242897892
0.1342965932542701
0.13426351272375867
0.13423153980661473
0.13420059809572046
0.13417063059727838
0.13414159520479627
0.1341134608797157
0.13408620451265885
0.1340598084089516
0.13403425832565385
0.13400954198106022
0.13398564795833728
0.13396256493008338
0.1339402811382289
0.1339187840724122
0.133898060298861
0.13387809540023804
0.13385887399456278
0.13384037980800345
0.13382259578202502
0.13380550420010254
0.13378908682305773
0.13377332502514502
0.13375819992542465
0.13374369251081206
0.13372978374859776
0.13371645468727
0.13370368654522466
0.1336914607874739
0.1336797591908282
0.13366856389825144
0.13365785746322834
0.1336476228850489
0.13363784363593145
0.1336285036808925
0.13361958749123065
0.13361108005244268
0.13360296686732506
0.13359523395495534
0.13358786784617963
0.1335808555761679
0.13357418467454313
0.1335678431535259
0.1335618194944898
0.13355610263326861
0.13355068194451591
0.13354554722537446
0.13354068867867905
0.13353609689588075
0.1335317628398569
0.13352767782774164
0.1335238335138923
0.13352022187308468
0.13351683518401894
0.1335136660131966
0.13351070719922067
0.13350795183756156
0.13350539326581717
0.13350302504949224
0.13350084096831424
0.1334988350030956
0.13349700132315137
0.1334953342742716
0.13349382836725066
0.1334924782669679
0.13349127878201275
0.13349022485484782
0.1334893115524992
0.13348853405775973
0.13348788766089356
0.13348736775182893
0.13348696981281835
0.1334866894115535
0.13348652219471302
0.13348646388192575
0.13348651026012903
0.1334866571782977
0.1334869005425255
0.13348723631143208
0.13348766049187347
0.1334881691349299
0.13348875833214502
0.13348942421199275
0.1334901629365408
0.1334909706982872
0.13349184371714024
0.13349277823751593
0.13349377052552325
0.13349481686621167
0.13349591356085375
0.13349705692423494
0.13349824328192875
0.13349946896752812
0.13350073031981477
0.13350202367984235
0.13350334538791322
0.13350469178043586
0.1335060591866421
0.1335074439251549
0.1335088423003977
0.13351025059883728
0.13351166508505832
0.1335130819976693
0.13351449754504477
0.133515907900915
0.1335173091998117
0.13351869753239176
0.13352006894066043
0.13352141941311876
0.133522744879874
0.13352404120774514
0.13352530419541114
0.1335265295686499
0.133527712975722
0.1335288499829622
0.13352993607064176
0.13353096662917688
0.13353193695575685
0.13353284225147796
0.13353367761906743
0.1335344380612902
0.1335351184801336
0.1335357136768681
0.13353621835308482
0.13353662711281117
0.13353693446580478
0.13353713483212665
0.13353722254808914
0.13353719187366908
0.13353703700146935
0.13353675206730387
0.13353633116246558
0.13353576834772665
0.1335350576690981
0.13353419317535747
0.1335331689373341
0.13353197906890804
0.13353061774965683
0.13352907924905386
0.13352735795208395
0.13352544838611868
0.13352334524885015
0.13352104343705515
0.1335185380759278
0.13351582454868618
0.13351289852613488
0.13350975599583892
0.13350639329054995
0.13350280711551088
0.1334989945742643
0.13349495319258828
0.13349068094020078
0.1334861762498902
0.1334814380337605
0.13347646569631796
0.13347125914416985
0.13346581879216182
0.1334601455658352
0.1334542409001519
0.13344810673449603
0.13344174550403032
0.13343516012754567
0.13342835399200526
0.13342133093403816
