0.11049940226504856
0.1304616289818683
0.1380629375736815
0.14154642515576696
0.14327040018280027
0.1441353742072241
0.1445379693643133
0.14467496602875476
0.14465584878652676
0.14454728630215644
0.14439185222137182
0.14421685362080733
0.14403925214759478
0.14386887193676784
0.1437106780064527
0.14356642494626942
0.14343582966480045
0.1433173816910998
0.14320888821713548
0.14310783615087305
0.14301163657859145
0.14291779905284402
0.1428240655549303
0.14272851890617663
0.1426296696876502
0.14252651970726316
0.14241859750592606
0.1423059610409089
0.14218916432584766
0.14206918877251595
0.14194734570905368
0.1418251620414226
0.14170426380752998
0.14158627110082767
0.14147271314841234
0.14136496636378457
0.1412642133239351
0.1411714182966888
0.14108731532795457
0.1410124072015
0.14094697670327838
0.14089111463634008
0.1408447712903253
0.14080783870013486
0.1407802676513043
0.14076221000774222
0.14075414276070805
0.14075686714753483
0.14077121060873887
0.14079730023781417
0.1408335642313621
0.14087603754639935
0.14091858864307877
0.14095409360585578
0.14097593861660762
0.14097916158312335
0.14096093030374934
0.14092044123145384
0.1408584951163049
0.1407770032591573
0.14067859913377692
0.14056643423821819
0.14044414151242782
0.140315860126384
0.14018615844055
0.14005971883122625
0.13994078382917952
0.139832539504998
0.13973669245722714
0.13965340770270188
0.13958158940820198
0.1395193452392249
0.13946445134254426
0.13941469955694422
0.13936809246043458
0.1393229092737518
0.13927768743890948
0.1392311624301194
0.13918219641017185
0.13912971402624585
0.13907265473222927
0.13900994592137653
0.1389404988168691
0.13886322814555507
0.13877709589166043
0.13868117795019597
0.138574749710446
0.13845738248155567
0.13832903794874912
0.13819014402628524
0.13804163450541404
0.13788493838858917
0.13772191301674694
0.137554726339422
0.13738570463415262
0.13721716904983744
0.13705128528896238
0.13688994567665208
0.13673469404375488
0.1365866944406452
0.13644673735341328
0.13631527310167565
0.13619246133835128
0.13607822705696274
0.13597231604328172
0.13587434533618079
0.13578384644853006
0.135700300661795
0.13562316668711605
0.13555190151329755
0.13548597548168234
0.13542488265729782
0.13536814748913484
0.13531532862519538
0.13526602060411802
0.13521985400472805
0.13517649450857114
0.13513564122332167
0.13509702452807415
0.13506040363378374
0.1350255640010713
0.13499231472013298
0.13496048593045087
0.13492992633843548
0.13490050087660918
0.13487208853656474
0.13484458039840352
0.13481787787091035
0.13479189114899212
0.1347665378878395
0.13474174208698833
0.13471743317210771
0.13469354525812005
0.13467001657420874
0.13464678902943858
0.1346238078969901
0.1346010215952773
0.13457838154526824
0.1345558420849926
0.13453336042427377
0.13451089662501
0.1344884135946992
0.13446587708322558
0.13444325567513313
0.134420520771631
0.13439764655837558
0.1343746099566417
0.13435139055681522
0.13432797053423454
0.13430433454828045
0.13428046962628196
0.13425636503429939
0.13423201213717367
0.1342074042504235
0.13418253648664571
0.13415740559904696
0.13413200982463586
0.134106348729428
0.13408042305780998
0.13405423458795315
0.13402778599490084
0.13400108072267763
0.13397412286648355
0.13394691706577302
0.1339194684087559
0.13389178234862548
0.1338638646316005
0.13383572123668075
0.13380735832684734
0.13377878221130535
0.13374999931824266
0.1337210161774949
0.1336918394124278
0.13366247574029574
0.13363293198029813
0.13360321506852704
0.13357333207898503
0.13354329024984754
0.13351309701414105
0.13348276003401746
0.13345228723781186
0.13342168685908615
0.13339096747687867
0.13336013805639912
0.13332920798943676
0.13329818713377595
0.13326708585095945
0.13323591504177554
0.13320468617891099
0.1331734113362724
0.13314210321456024
0.13311077516277336
0.1330794411954233
0.13304811600536198
0.13301681497224385
0.1329855541667871
0.13295435035112826
0.13292322097569503
0.13289218417313928
0.1328612587499639
0.1328304641765332
0.13279982057616033
0.13276934871391335
0.1327390699856448
0.1327090064075322
0.13267918060609765
0.13264961580825724
0.13262033583043362
0.13259136506515531
0.13256272846289446
0.13253445150618798
0.1325065601723801
0.13247908088071123
0.132452040418985
0.132425465844799
0.1323993843563785
0.1323738231285162
0.13234880911004818
0.13232436878074627
0.13230052786748694
0.13227731102202028
0.1322547414655154
0.1322328406081244
0.13221162765485833
0.13219111921181648
0.13217132890895694
0.13215226705682898
0.1321339403547726
0.13211635166686245
0.1320994998793168
0.13208337984932036
0.1320679824505126
0.13205329471514177
0.13203930006758133
0.1320259786390096
0.13201330764901956
0.13200126183707636
0.13198981392525466
0.13197893509359435
0.13196859545057113
0.13195876448335886
0.13194941147543235
0.13194050588229123
0.13193201765936524
0.13192391753921776
0.13191617725781718
0.1319087697317831
0.13190166919009502
0.13189485126479478
0.13188829304578495
0.1318819731049972
