0.26832090591097085
0.26480597351933644
0.23804913321741955
0.21069164280356403
0.1890879808512128
0.17384103652892474
0.16371377229587294
0.15718521936285057
0.15300162744610432
0.15028194541453302
0.14845730137129465
0.14717729444328648
0.14623137621915336
0.145494338087907
0.14489173916903159
0.14437897803954952
0.14392893304844942
0.14352475234262313
0.14315566740278204
0.14281456061597303
0.1424965452224632
0.1421981292349066
0.1419167171643423
0.1416503082792813
0.14139731018860885
0.14115642087878372
0.14092655198579454
0.14070677735887338
0.14049629747452985
0.14029441403234086
0.1401005112718543
0.13991404185580772
0.1397345159472827
0.13956149258459422
0.13939457275287567
0.13923339373814164
0.13907762447064526
0.13892696164472737
0.13878112645711316
0.1386398618438917
0.13850293012381024
0.1383701109755828
0.1382411996919016
0.1381160056642374
0.13799435106130958
0.13787606967098845
0.13776100588082865
0.1376490137767685
0.13753995634302218
0.1374337047490156
0.13733013771151512
0.13722914092198707
0.1371306065307733
0.13703443268094773
0.1369405230857855
0.13684878664465694
0.13675913709290335
0.13667149268186624
0.1365857758857676
0.13650191313257912
0.13641983455638965
0.1363394737690987
0.13626076764953368
0.1361836561483201
0.13610808210703088
0.13603399109031278
0.1359613312298351
0.13589005307903024
0.13582010947771223
0.13575145542574885
0.1356840479650527
0.1356178460692261
0.13555281054026305
0.135488903911767
0.1354260903581923
0.13536433560966443
0.13530360687197432
0.13524387275137437
0.1351851031838374
0.13512726936847116
0.13507034370480034
0.1350142997336557
0.13495911208143202
0.13490475640748897
0.134851209354492
0.13479844850150516
0.1347464523196582
0.13469520013022684
0.1346446720649769
0.1345948490286291
0.13454571266331858
0.1344972453149254
0.13444943000116505
0.13440225038133324
0.13435569072760772
0.13430973589781597
0.13426437130958313
0.13421958291578034
0.13417535718120063
0.13413168106038964
0.1340885419765694
0.13404592780159105
0.13400382683686177
0.13396222779518976
0.1339211197834988
0.13388049228636445
0.1338403351503262
0.13380063856893604
0.13376139306850246
0.13372258949449373
0.13368421899856525
0.13364627302617915
0.13360874330478403
0.1335716218325273
0.13353490086747066
0.13349857291728703
0.13346263072940884
0.1334270672816102
0.13339187577299816
0.13335704961539369
0.13332258242508283
0.13328846801492053
0.1332547003867687
0.1332212737242535
0.1331881823858258
0.13315542089811053
0.13312298394953093
0.13309086638419557
0.1330590631960335
0.1330275695231706
0.13299638064252953
0.1329654919646493
0.13293489902870922
0.13290459749775263
0.13287458315409778
0.13284485189492848
0.1328153997280582
0.1327862227678577
0.13275731723134032
0.13272867943439798
0.13270030578818082
0.13267219279561498
0.13264433704805284
0.13261673522204828
0.13258938407625495
0.13256228044843968
0.13253542125260756
0.13250880347623348
0.132482424177597
0.13245628048321492
0.13243036958536855
0.13240468873972186
0.13237923526302736
0.1323540065309142
0.13232899997575936
0.13230421308463375
0.1322796433973251
0.13225528850443113
0.1322311460455228
0.13220721370737337
0.13218348922225298
0.13215997036628307
0.13213665495785218
0.13211354085608826
0.1320906259593864
0.13206790820399067
0.13204538556262702
0.13202305604318623
0.132000917687455
0.13197896856989336
0.1319572067964568
0.1319356305034627
0.13191423785649764
0.1318930270493654
0.1318719963030753
0.13185114386486674
0.1318304680072713
0.13180996702721062
0.13178963924512843
0.13176948300415497
0.13174949666930436
0.13172967862670334
0.13171002728284947
0.13169054106389816
0.1316712184149795
0.13165205779954092
0.13163305769871683
0.13161421661072345
0.1315955330502793
0.13157700554804982
0.1315586326501133
0.1315404129174519
0.1315223449254625
0.13150442726349018
0.1314866585343803
0.13146903735405235
0.13145156235109137
0.13143423216635863
0.13141704545261992
0.131400000874191
0.13138309710660065
0.13136633283626864
0.13134970676019986
0.13133321758569383
0.13131686403006848
0.13130064482039788
0.1312845586932642
0.13126860439452162
0.13125278067907412
0.1312370863106646
0.13122152006167623
0.13120608071294462
0.13119076705358146
0.13117557788080803
0.1311605119997997
0.13114556822353876
0.13113074537267785
0.13111604227541138
0.13110145776735616
0.13108699069144014
0.13107263989779833
0.13105840424367737
0.13104428259334677
0.13103027381801638
0.13101637679576145
0.1310025904114533
0.1309889135566969
0.1309753451297728
0.1309618840355856
0.1309485291856168
0.1309352794978825
0.13092213389689736
0.13090909131363973
0.1308961506855244
0.1308833109563772
0.13087057107641337
0.13085793000221968
0.13084538669674003
0.13083294012926414
0.13082058927541831
0.13080833311715928
0.13079617064277121
0.1307841008468626
0.13077212273036873
0.13076023530055314
0.13074843757101212
0.1307367285616803
0.1307251072988382
0.13071357281512083
0.1307021241495271
0.13069076034743077
