0.16783325495486293
0.15586973252022535
0.14802692078927115
0.1437841903786705
0.14147540583651072
0.14013360035778732
0.1392761960887143
0.13866941431254676
0.13819962029947983
0.13781055097739245
0.13747347753149544
0.1371730542577644
0.1369005660798238
0.13665067424133343
0.13641982700126717
0.13620546949761542
0.13600564101300136
0.1358187623665642
0.13564351817761525
0.13547878759557688
0.13532360063050716
0.13517710863818994
0.13503856309775544
0.13490729957932782
0.13478272518397957
0.13466430844913282
0.1345515710897112
0.1344440811547437
0.13434144730223904
0.13424331397234415
0.13414935729044367
0.1340592815683799
0.13397281629899707
0.1338897135598371
0.13380974575791488
0.13373270366023118
0.13365839466485388
0.1335866412755682
0.1335172797496814
0.13345015889390285
0.13338513898753943
0.13332209081575952
0.13326089479854109
0.1332014402032481
0.13314362443069297
0.13308735236610592
0.13303253578771188
0.1329790928266838
0.1329269474731074
0.13287602912332586
0.1328262721646334
0.1327776155937932
0.13273000266628104
0.13268338057351148
0.13263770014561238
0.13259291557756686
0.13254898417677133
0.13250586613024426
0.13246352428989414
0.13242192397439465
0.13238103278634986
0.13234082044354423
0.13230125862317046
0.1322623208180246
0.13222398220373927
0.1321862195161932
0.13214901093831344
0.13211233599553843
0.13207617545927264
0.13204051125771268
0.13200532639347143
0.131970604867473
0.13193633160862994
0.13190249240885177
0.1318690738629695
0.13183606331319056
0.1318034487977309
0.13177121900329733
0.1317393632211174
0.1317078713062396
0.13167673363984736
0.13164594109435096
0.1316154850010397
0.13158535712009417
0.1315555496127743
0.13152605501561526
0.1314968662164725
0.131467976432275
0.13143937918835363
0.13141106829922447
0.13138303785071503
0.13135528218333073
0.13132779587676885
0.13130057373549206
0.1312736107752838
0.1312469022107098
0.13122044344342196
0.1311942300512397
0.13116825777795418
0.1311425225238018
0.13111702033655975
0.13109174740321844
0.13106670004219045
0.13104187469601802
0.13101726792454488
0.1309928763985199
0.13096869689360244
0.13094472628474324
0.1309209615409142
0.13089739972016431
0.13087403796497993
0.1308508734979291
0.13082790361757096
0.13080512569461325
0.1307825371683012
0.1307601355430239
0.13073791838512236
0.13071588331988737
0.13069402802873548
0.13067235024655027
0.13065084775917876
0.1306295184010738
0.1306083600530726
0.13058737064030215
0.1305665481302039
0.1305458905306705
0.13052539588828685
0.13050506228666822
0.13048488784489004
0.13046487071600324
0.13044500908562978
0.13042530117063117
0.13040574521784862
0.1303863395029072
0.1303670823290803
0.13034797202621154
0.13032900694968905
0.13031018547946868
0.1302915060191431
0.13027296699505383
0.13025456685544182
0.13023630406963632
0.1302181771272759
0.13020018453756324
0.13018232482854766
0.13016459654643522
0.1301469982549248
0.1301295285345662
0.13011218598214053
0.1300949692100605
0.1300778768457889
0.1300609075312731
0.1300440599223969
0.13002733268844546
0.1300107245115844
0.12999423408634977
0.12997786011915094
0.12996160132778248
0.12994545644094702
0.12992942419778578
0.12991350334741797
0.12989769264848844
0.12988199086872082
0.1298663967844791
0.12985090918033432
0.12983552684863817
0.12982024858910113
0.12980507320837742
0.12978999951965337
0.12977502634224292
0.1297601525011858
0.12974537682685286
0.1297306981545542
0.12971611532415364
0.12970162717968678
0.1296872325689857
0.12967293034330687
0.12965871935696516
0.12964459846697304
0.12963056653268523
0.1296166224154494
0.1296027649782617
0.12958899308543045
0.12957530560224387
0.1295617013946463
0.1295481793289214
0.1295347382713811
0.12952137708806424
0.12950809464444177
0.12949488980513152
0.12948176143362083
0.12946870839199862
0.12945572954069684
0.1294428237382422
0.12942998984101822
0.12941722670303724
0.12940453317572434
0.12939190810771226
0.12937935034464912
0.12936685872901696
0.12935443209996444
0.12934206929315178
0.12932976914060976
0.129317530470612
0.12930535210756267
0.12929323287189712
0.12928117157999888
0.1292691670441319
0.12925721807238794
0.12924532346865042
0.12923348203257415
0.1292216925595825
0.1292099538408809
0.12919826466348724
0.12918662381028068
0.12917503006006698
0.1291634821876627
0.12915197896399594
0.12914051915622773
0.12912910152788892
0.12911772483903727
0.12910638784643216
0.12909508930372843
0.12908382796168816
0.1290726025684115
0.12906141186958517
0.12905025460875022
0.1290391295275875
0.12902803536622096
0.12901697086353983
0.12900593475753758
0.12899492578566832
0.12898394268522104
0.12897298419371023
0.12896204904928232
0.12895113599113917
0.1289402437599764
0.12892937109843705
0.1289185167515797
0.1289076794673602
0.12889685799712716
0.12888605109613047
0.12887525752404053
0.12886447604547951
0.12885370543056401
0.12884294445545563
0.12883219190292128
0.12882144656290137
0.1288107072330858
0.1287999727194939
0.128789241837062
