0.14051484050234844
0.15068991273918036
0.15159888541437957
0.1508727391416551
0.14976830313791556
0.14857472335792024
0.14739251031963513
0.1462707811264537
0.14523477686125066
0.14429445776673036
0.14344981545805532
0.14269496797665554
0.14202113788587312
0.14141860649410923
0.14087786453884457
0.14039020509270503
0.13994796477568583
0.13954456199491522
0.13917442960155435
0.13883290112273367
0.13851608404745247
0.1382207375841647
0.13794416283230035
0.13768410803353873
0.13743868883049187
0.13720632218687864
0.1369856721548093
0.13677560562282626
0.13657515632239328
0.13638349559063573
0.13619990862146025
0.136023775156386
0.13585455375874056
0.13569176897755103
0.13553500084204453
0.1353838762374746
0.1352380618017873
0.13509725805405365
0.13496119452283228
0.13482962568842685
0.13470232758959336
0.13457909497450427
0.13445973889913776
0.13434408469493572
0.1342319702425118
0.13412324450013016
0.13401776624524453
0.1339154029950411
0.1338160300780673
0.13371952983395521
0.13362579092220273
0.13353470772415282
0.1334461798248881
0.13336011156382344
0.13327641164447496
0.13319499279525923
0.1331157714743138
0.13303866761226749
0.13296360438768762
0.13289050803058947
0.1328193076499769
0.13274993508187366
0.13268232475474692
0.13261641356960466
0.13255214079240044
0.1324894479566839
0.1324282787747162
0.13236857905552604
0.13231029662860305
0.13225338127213832
0.13219778464490306
0.13214346022102005
0.1320903632270352
0.13203845058081654
0.1319876808319276
0.13193801410321318
0.13188941203342128
0.13184183772074987
0.1317952556672635
0.13174963172417326
0.13170493303800143
0.13166112799768384
0.13161818618267784
0.1315760783121575
0.1315347761953782
0.13149425268330273
0.13145448162156712
0.1314154378048711
0.13137709693285898
0.13133943556755323
0.1313024310923934
0.13126606167291657
0.13123030621910925
0.1311951443494469
0.13116055635662544
0.13112652317498177
0.13109302634958783
0.13106004800699422
0.1310275708275934
0.1309955780195638
0.13096405329434843
0.13093298084362232
0.1309023453176897
0.13087213180525856
0.13084232581452837
0.13081291325553215
0.1307838804236666
0.13075521398434994
0.13072690095874032
0.130698928710453
0.13067128493321373
0.13064395763938677
0.1306169351493169
0.13059020608142827
0.1305637593430244
0.13053758412173452
0.1305116698775551
0.13048600633543828
0.13046058347837985
0.13043539154096292
0.13041042100331626
0.13038566258544812
0.13036110724191877
0.1303367461568195
0.13031257073902475
0.1302885726176882
0.13026474363795856
0.13024107585688788
0.13021756153951042
0.13019419315507186
0.13017096337339137
0.13014786506133658
0.1301248912794006
0.1301020352783638
0.13007929049603043
0.1300566505540296
0.1300341092546696
0.1300116605778396
0.12998929867795073
0.1299670178809099
0.12994481268112298
0.1299226777385221
0.1299006078756135
0.1298785980745447
0.12985664347418627
0.1298347393672306
0.12981288119730247
0.12979106455608433
0.12976928518045336
0.1297475389496331
0.1297258218823576
0.12970413013405158
0.1296824599940241
0.12966080788268003
0.12963917034874867
0.12961754406653123
0.12959592583316953
0.12957431256593557
0.1295527012995445
0.1295310891834933
0.1295094734794256
0.12948785155852402
0.12946622089893134
0.12944457908320472
0.12942292379579995
0.12940125282059017
0.12937956403841958
0.12935785542469322
0.129336125047004
0.1293143710627984
0.12929259171708127
0.129270785340161
0.12924895034543768
0.12922708522723012
0.129205188558649
0.12918325898951205
0.12916129524430414
0.1291392961201809
0.12911726048501956
0.12909518727551342
0.12907307549531405
0.12905092421321834
0.1290287325614034
0.1290064997337067
0.12898422498395468
0.12896190762433615
0.1289395470238247
0.12891714260664566
0.12889469385079141
0.1288722002865816
0.1288496614952709
0.1288270771077013
0.12880444680300104
0.12878177030732735
0.12875904739265462
0.1287362778756068
0.12871346161633213
0.12869059851742265
0.12866768852287364
0.128644731617086
0.12862172782390918
0.12859867720572338
0.1285755798625612
0.1285524359312667
0.12852924558469198
0.1285060090309302
0.1284827265125822
0.12845939830605854
0.12843602472091242
0.1284126060992057
0.12838914281490416
0.1283656352733021
0.12834208391047397
0.1283184891927524
0.12829485161623225
0.12827117170629604
0.12824745001716295
0.12822368713145765
0.1281998836597983
0.12817604024040194
0.12815215753870618
0.12812823624700465
0.12810427708409622
0.12808028079494518
0.1280562481503506
0.12803217994662458
0.12800807700527708
0.1279839401727057
0.12795977031988953
0.12793556834208378
0.12791133515851635
0.12788707171208305
0.12786277896904005
0.12783845791869347
0.1278141095730822
0.12778973496665622
0.12776533515594585
0.12774091121922224
0.1277164642561475
0.12769199538741385
0.12766750575437044
0.12764299651863492
0.12761846886169306
0.12759392398448155
0.12756936310695427
0.1275447874676328
0.12752019832313807
0.12749559694770443
0.1274709846326753
0.12744636268597792
0.12742173243158034
