0.13509864949918152
0.14498993028582519
0.14708377067583425
0.14684285241908218
0.14619428737790768
0.14567553764119165
0.1453488744208777
0.14515279064805736
0.14501980411641405
0.14490683456792913
0.1447943656425669
0.14467769355850776
0.14455915096255503
0.14444335515297985
0.14433484656343787
0.14423700236029108
0.1441515042596195
0.14407813383281007
0.14401492039144723
0.14395864371484032
0.14390554699302727
0.14385202666803934
0.14379511763947314
0.14373273039492104
0.1436637072062548
0.1435877839678175
0.14350549895185527
0.14341804665623908
0.14332707190335708
0.14323442472572026
0.14314191862921713
0.14305113548670997
0.14296330283603512
0.14287924680627787
0.14279940695101326
0.14272389173176692
0.14265255374892796
0.1425850685042336
0.14252100629989256
0.14245989191623198
0.14240125025331035
0.1423446382279706
0.14228966427456424
0.1422359972392908
0.14218336662119105
0.1421315561901801
0.14208039306528303
0.1420297343369119
0.14197945320443073
0.14192942632972436
0.14187952368170484
0.14182960161969305
0.1417794994216339
0.1417290389944447
0.14167802717208103
0.14162625983759924
0.1415735270870825
0.14151961874881064
0.14146432973309989
0.1414074648718047
0.1413488430769678
0.14128830078413032
0.14122569473837543
0.14116090423067867
0.14109383290499228
0.14102441024199525
0.14095259279355382
0.14087836520183047
0.14080174099634538
0.1407227631270579
0.1406415041658866
0.14055806609559018
0.14047257960458545
0.14038520281874475
0.14029611942486334
0.14020553617264492
0.14011367977925293
0.14002079329884182
0.13992713205509635
0.1398329592642101
0.13973854149622664
0.13964414413262413
0.1395500269769883
0.1394564401642459
0.13936362049383225
0.13927178828557132
0.1391811448265687
0.13909187044563273
0.1390041232210473
0.1389180382998506
0.138833727783579
0.1387512811175785
0.1386707659088215
0.13859222909059193
0.13851569835090938
0.13844118374442493
0.13836867941379552
0.13829816535526449
0.13822960917335275
0.13816296778034878
0.13809818900691634
0.13803521310006278
0.13797397409351905
0.13791440104305308
0.1378564191252816
0.1377999506031821
0.1377449156648486
0.1376912331442407
0.13763882113392586
0.13758759750031171
0.13753748031177238
0.1374883881895785
0.13744024059076318
0.13739295803112525
0.13734646225558084
0.13730067636208193
0.13725552488438744
0.13721093383813215
0.1371668307339001
0.13712314456039615
0.13707980574031337
0.13703674606111824
0.13699389858270028
0.1369511975236751
0.13690857812805335
0.13686597651400212
0.13682332950653733
0.1367805744561693
0.13673764904581906
0.13669449108870937
0.1366510383204634
0.13660722818929585
0.13656299764903124
0.13651828296070959
0.1364730195098107
0.1364271416476392
0.13638058256719127
0.13633327422585667
0.13628514732956268
0.13623613139535812
0.13618615491182376
0.1361351456188616
0.1360830309300419
0.13602973852133154
0.1359751971091603
0.13591933743774268
0.13586209348965533
0.13580340392421378
0.13574321373469483
0.13568147609776932
0.13561815436713284
0.13555322413951232
0.13548667529730501
0.13541851391135704
0.13534876387390204
0.13527746812973165
0.1352046893868621
0.1351305102180955
0.1350550325108706
0.13497837628003487
0.13490067791855456
0.13482208801427645
0.13474276889595851
0.13466289208064366
0.13458263577375387
0.13450218252624152
0.13442171708942902
0.1343414244419199
0.13426148790957385
0.13418208727171013
0.13410339675142746
0.13402558282459334
0.1339488018428427
0.1338731975375464
0.1337988985387727
0.1337260160914566
0.1336546421703486
0.13358484818186928
0.1335166843973784
0.13345018019666
0.13338534512417144
0.13332217068607888
0.13326063275396113
0.13320069439851323
0.1331423089567202
0.1330854231379405
0.13302997999434626
0.13297592161374688
0.13292319143209444
0.13287173610362146
0.1328215069044572
0.13277246067790244
0.1327245603548809
0.13267777510098294
0.13263208015238892
0.1325874564076454
0.13254388984191215
0.13250137080608185
0.132459893266288
0.13241945403077365
0.13238005200183253
0.13234168748124062
0.13230436154885286
0.13226807552621828
0.1322328305304053
0.13219862711785207
0.13216546501393794
0.13213334292107576
0.13210225839627526
0.13207220778819348
0.13204318622347358
0.13201518763250278
0.13198820480543264
0.13196222947025962
0.1319372523858308
0.13191326344374818
0.13189025177420416
0.1318682058517632
0.13184711359797685
0.1318269624784766
0.13180773959281689
0.13178943175586727
0.1317720255699783
0.13175550748748027
0.13173986386335274
0.13172508099811128
0.13171114517114238
0.13169804266485474
0.13168575978014047
0.13167428284374427
0.1316635982082299
0.13165369224531537
0.13164455133341835
0.13163616184031235
0.13162851010184418
0.1316215823976942
0.1316153649251802
0.13160984377210097
0.1316050048896021
0.13160083406600048
0.1315973169024471
0.13159443879122845
0.1315921848974071
0.1315905401443968
0.13158948920393582
0.1315890164907998
0.13158910616245661
0.1315897421237328
0.13159090803643628
0.13159258733375914
0.13159476323918
