0.13021413141112811
0.1406401471059757
0.1435114733166628
0.14418033904017732
0.14429796327201277
0.14429887784936113
0.14430112768181252
0.14432853185172018
0.14437553243464668
0.14442927160840086
0.1444781342277256
0.14451492415067288
0.1445371749336585
0.14454582703535457
0.14454336133913953
0.1445322219161933
0.14451389758731364
0.14448864191598743
0.14445562497551442
0.14441329413847695
0.14435978813502368
0.1442933253763937
0.14421253755985197
0.14411673744293965
0.1440061070113289
0.1438817850482682
0.1437458314304613
0.14360105236265855
0.14345069248190814
0.1432980435738073
0.1431460669850186
0.14299713307535386
0.1428529288142776
0.14271451206274388
0.1425824479229928
0.14245696237227048
0.14233807252055244
0.14222567869537525
0.14211962019149124
0.14201970334359662
0.14192571118169775
0.14183740190254798
0.14175450093391648
0.14167668938871059
0.14160359034981373
0.1415347535434638
0.14146963837628293
0.14140759495009103
0.14134784257655972
0.14128944567891957
0.14123128816374694
0.14117205000783473
0.14111019486832468
0.14104398598411022
0.14097155949144707
0.1408910957975828
0.14080112868818964
0.1407009946923149
0.14059132807617805
0.14047436968375904
0.14035379936990916
0.1402339850670437
0.1401189317874679
0.14001145821009775
0.13991294481553757
0.13982358720180038
0.13974285348409488
0.1396698908246583
0.13960378270845233
0.13954367093602243
0.13948879334443492
0.1394384819332314
0.1393921483084072
0.13934926884154944
0.1393093735311706
0.1392720387318605
0.13923688264778195
0.13920356236572745
0.13917177148108992
0.13914123771522724
0.13911172021327173
0.1390830064176746
0.13905490854008207
0.13902725971982705
0.13899990998143874
0.13897272210500428
0.13894556751782453
0.13891832231572743
0.1388908635361379
0.13886306583795585
0.13883479879796634
0.1388059251092038
0.13877630005776953
0.13874577274734273
0.13871418960860285
0.1386814007301189
0.1386472694145629
0.13861168502331642
0.13857457855869348
0.13853593953959425
0.13849583167142004
0.13845440389130054
0.13841189304365584
0.13836861517842428
0.13832494446483568
0.13828128163268855
0.13823801676629913
0.13819549303395048
0.1381539777670431
0.1381136452703097
0.13807457270436999
0.13803674748910327
0.13800008279763062
0.13796443712215004
0.13792963435091682
0.1378954818169271
0.13786178490749934
0.13782835776961988
0.13779503029535028
0.1377616519339157
0.1377280930189821
0.13769424429870966
0.1376600152773455
0.1376253318658348
0.13759013372292841
0.1375543715623222
0.13751800461195948
0.13748099834033095
0.13744332251043392
0.13740494958278676
0.1373658534618642
0.13732600856288146
0.1372853891655338
0.13724396901599697
0.13720172113645873
0.13715861780134866
0.13711463064028145
0.1370697308289204
0.1370238893301954
0.13697707714956117
0.1369292655694856
0.1368804263305039
0.1368305317294899
0.1367795546108017
0.1367274682330984
0.1366742460041123
0.1366198610874198
0.13656428589874187
0.13650749152362202
0.13644944710211915
0.13639011923787184
0.13632947149695723
0.13626746406501186
0.13620405362828575
0.13613919353549458
0.13607283428313724
0.13600492434871475
0.13593541137586762
0.13586424369493696
0.13579137214383982
0.13571675213899195
0.13564034593525096
0.13556212500771642
0.1354820724862076
0.13540018557435968
0.13531647788815207
0.13523098165194838
0.13514374969253073
0.13505485717235602
0.1349644030020625
0.1348725108694912
0.1347793298191688
0.13468503431394205
0.13458982371123457
0.13449392109238034
0.13439757139657685
0.13430103883248498
0.13420460357062647
0.13410855775740965
0.13401320093427663
0.1339188349892773
0.13382575880855446
0.13373426282684242
0.13364462369474325
0.13355709928324522
0.13347192423158427
0.1333893062141866
0.13330942305913096
0.13323242079890768
0.13315841267954226
0.1330874791016811
0.1330196684214854
0.13295499850334289
0.13289345889217044
0.1328350134606419
0.1327796033850063
0.13272715031039817
0.13267755958037059
0.13263072342343224
0.1325865240094678
0.1325448363092866
0.13250553070986
0.13246847535518907
0.13243353819773002
0.13240058875773753
0.13236949959780078
0.13234014752746281
0.1323124145583615
0.13228618863409397
0.13226136416122483
0.13223784236878228
0.1322155315233768
0.13219434702592622
0.1321742114140204
0.13215505429134008
0.13213681220240683
0.1321194284674233
0.1321028529882041
0.1320870420323659
0.13207195799918814
0.13205756916704797
0.13204384941924846
0.13203077794254842
0.13201833889096481
0.13200652100657928
0.1319953171892923
0.1319847240088211
0.13197474115475374
0.13196537082412496
0.1319566170505943
0.13194848498462056
0.13194098013964617
0.13193410762470503
0.13192787138848538
0.1319222735031154
0.13191731351725616
0.13191298790712622
0.1319092896506736
0.1319062079443946
0.1319037280746903
0.13190183144681694
0.13190049576527618
0.13189969535079593
0.13189940157171764
0.13189958336225238
0.13190020779711453
0.13190124069153575
0.131902647197446
0.1319043923702305
0.13190644168540486
0.13190876149015882
