0.20652091941835754
0.20772876951104785
0.20404611535858266
0.19688362730710884
0.19106202021304142
0.18630173878940623
0.18208082667600703
0.1786795461865423
0.17638077351823803
0.17487851714412958
0.17407722433888545
0.17371358108784088
0.17359672714290086
0.17362125534712106
0.17379549746914993
0.17403760275525001
0.17427426047274996
0.1744586740954116
0.17457844237942924
0.1746459196841527
0.17467855351647252
0.1746938905196586
0.17470927510194142
0.17473709016283823
0.1747814345475199
0.1748400797527052
0.17490867589450737
0.17498376679086639
0.17506376469683757
0.1751485470871606
0.1752385590625088
0.1753340500137386
0.17543473158697795
0.17553984472448741
0.17564845060103937
0.17575973635486028
0.17587320123105785
0.1759886891557134
0.17610630841866787
0.1762263086128052
0.17634897480134187
0.17647456833659836
0.176603313669023
0.1767354137261291
0.17687107485560988
0.17701053003123157
0.17715405815767762
0.17730200242711805
0.17745479013358306
0.1776129513190399
0.17777712631240344
0.17794804488254565
0.1781264552851468
0.17831298479029303
0.1785079291035687
0.17871098977456584
0.1789209679392192
0.17913530502248926
0.17934907050622903
0.1795525243676642
0.17972568942901712
0.17982747953651634
0.17977947517636958
0.1794718852241534
0.17886413358835185
0.17813332802371698
0.1775411381105135
0.1771774637757188
0.1769947600817862
0.17686013591735147
0.17667910616493457
0.17646373321438386
0.17624955127649716
0.1760216234094072
0.17574116270052204
0.17540204725442968
0.17503792762006018
0.17468847084532282
0.17437821044776627
0.17412355160712498
0.1739340496564305
0.17380158045077876
0.17370341729939182
0.17362133247179762
0.17355152737693041
0.17349734551408538
0.17345933366886354
0.17343459242548803
0.1734207598591237
0.17341564696646308
0.17341429178748186
0.17341034263963556
0.1734008012307694
0.17338759650012006
0.1733744986850925
0.1733638285285057
0.17335620125072637
0.17335161527423104
0.17334933195081556
0.17334734103101884
0.1733433386244095
0.17333650504252948
0.17332792057888208
0.1733193401791241
0.17331195887385326
0.1733062053637297
0.17330199849573918
0.17329876048050233
0.1732954715596081
0.17329120078261057
0.17328572218223068
0.17327955764252495
0.1732734784523306
0.17326803718915226
0.17326343823223755
0.1732595829419632
0.1732561197055276
0.17325257135162608
0.17324858422861725
0.1732441232137731
0.17323943828665306
0.173234862989572
0.1732306352837287
0.1732268312911334
0.17322337408230942
0.17322007907503334
0.17321673981632144
0.17321323167072558
0.1732095666622352
0.1732058620065937
0.1732022583318101
0.17319885019513245
0.17319565753591423
0.17319263165968052
0.1731896846381795
0.17318673289753922
0.17318373630906697
0.17318071074533956
0.17317770929389423
0.17317478893590094
0.17317198378442583
0.17316929477947873
0.17316669495637474
0.1731641452645093
0.17316161372566244
0.17315908891172774
0.1731565813638168
0.17315411398588978
0.17315170857357365
0.1731493758641232
0.17314711258162951
0.17314490506675073
0.17314273680677353
0.1731405960842027
0.17313848019014003
0.17313639464863917
0.17313434870237052
0.17313234999520544
0.17313040108921196
0.173128498951007
0.17312663701758718
0.1731248084764568
0.17312300909566766
0.173121238368117
0.17311949871767843
0.17311779350511178
0.1731161250064545
0.17311449329321651
0.1731128963300657
0.17311133100728032
0.17310979447349006
0.1731082851106007
0.17310680276557575
0.17310534826835217
0.17310392259712368
0.17310252614553423
0.1731011584049855
0.17309981812274566
0.1730985037720555
0.17309721406228035
0.1730959482488751
0.17309470613836092
0.173093487844282
0.1730922934549465
0.17309112278249664
0.17308997529138945
0.17308885020329282
0.17308774669631166
0.17308666408959084
0.17308560193169437
0.173084559970774
0.1730835380431753
0.17308253594748665
0.1730815533643964
0.17308058984975652
0.17307964488949276
0.1730787179791387
0.17307780868682424
0.17307691667409728
0.17307604167325696
0.17307518344007441
0.1730743417083249
0.1730735161664756
0.1730727064627033
0.17307191223028015
0.17307113311765535
0.1730703688085094
0.17306961902454118
0.17306888351307326
0.17306816202810044
0.1730674543146882
0.17306676010312547
0.17306607911350205
0.17306541106649384
0.1730647556941451
0.1730641127456728
0.17306348198658258
0.17306286319278488
0.17306225614335174
0.1730616606154466
0.17306107638326282
0.17306050322060945
0.17305994090518928
0.17305938922223513
0.1730588479659284
0.17305831693835702
0.17305779594694073
0.17305728480176633
0.17305678331403393
0.17305629129605773
0.17305580856247738
0.17305533493184355
0.17305487022774446
0.1730544142790174
0.1730539669190984
0.17305352798494655
0.17305309731608992
0.1730526747541706
0.17305226014306685
0.17305185332938902
0.17305145416301881
0.17305106249740687
0.17305067818951533
0.17305030109947311
0.17304993109013336
0.17304956802673005
0.17304921177674243
0.17304886220996316
0.1730485191986729
0.1730481826177961
0.17304785234494682
