0.1436503367509334
0.14784576510031558
0.14604902784868853
0.14365436512380675
0.14167303576643359
0.14021243052366206
0.13917286556397446
0.13843281100735844
0.13789447868605104
0.1374884856751624
0.1371682197758971
0.1369032078462977
0.1366738269098076
0.136467565370831
0.13627651150945222
0.13609570560022072
0.13592207045667096
0.13575372097667318
0.13558951976418906
0.13542879204788633
0.13527114368450496
0.13511634588497465
0.13496426310138895
0.1348148087638226
0.13466791889082957
0.13452353706305623
0.1343816065122397
0.13424206656226675
0.13410485163613123
0.13396989168698334
0.1338371133360805
0.13370644127922643
0.13357779970496655
0.13345111358475542
0.13332630976919269
0.1332033178697733
0.13308207093221336
0.1329625059218962
0.132844564048751
0.13272819096089164
0.13261333683554313
0.13249995639344864
0.1323880088598626
0.13227745789192125
0.13216827148889831
0.13206042189877673
0.13195388553175383
0.1318486428887672
0.13174467851086613
0.13164198095321258
0.1315405427856595
0.1314403606201546
0.1313414351636269
0.13124377129349618
0.1311473781514693
0.13105226924982966
0.13095846258298272
0.13086598073559022
0.13077485097722297
0.13068510533212133
0.13059678061142743
0.1305099183942101
0.13042456494283314
0.1303407710378374
0.13025859171763332
0.1301780859090748
0.1300993159365366
0.1300223468995727
0.12994724591266688
0.12987408120505753
0.1298029210840772
0.1297338327717778
0.1296668811316044
0.1296021273091883
0.12953962731853425
0.12947943061147255
0.12942157867366466
0.1293661036941633
0.1293130273570228
0.12926235980238573
0.12921409880063975
0.12916822917667664
0.12912472251226473
0.12908353714356538
0.12904461845856838
0.1290078994865239
0.12897330175915955
0.12894073641244413
0.12891010548858978
0.128881303391405
0.128854218444323
0.12882873449948506
0.12880473254799316
0.1287820922855037
0.12876069359322276
0.12874041790151108
0.12872114941114343
0.12870277615524095
0.12868519089253372
0.1286682918295581
0.12865198317537535
0.12863617553727974
0.12862078616968714
0.12860573909098813
0.1285909650847116
0.12857640160199366
0.12856199258225556
0.128547688208298
0.12853344461090668
0.12851922353664166
0.12850499199090326
0.12849072186671745
0.12847638956804613
0.12846197563486592
0.12844746437581267
0.12843284351288656
0.1284181038415593
0.12840323890864086
0.12838824470942178
0.1283731194049236
0.12835786305952843
0.128342477398824
0.1283269655871649
0.12831133202420258
0.12829558215946796
0.12827972232397514
0.12826375957775368
0.12824770157219378
0.12823155642609266
0.12821533261431867
0.12819903886805467
0.1281826840856362
0.12816627725305965
0.12814982737330563
0.12813334340368246
0.1281168342004668
0.1281003084701781
0.1280837747268844
0.12806724125499655
0.12805071607705815
0.12803420692608855
0.12801772122208055
0.12800126605229326
0.12798484815501937
0.12796847390653407
0.12795214931096346
0.12793587999283346
0.1279196711920833
0.12790352776134298
0.12788745416529038
0.1278714544819191
0.12785553240555572
0.12783969125147604
0.12782393396197791
0.12780826311377347
0.12779268092656937
0.1277771892727109
0.1277617896877648
0.12774648338192673
0.12773127125213712
0.12771615389479607
0.12770113161897134
0.12768620445999923
0.12767137219337893
0.12765663434887017
0.12764199022470388
0.12762743890182723
0.12761297925810325
0.12759860998239597
0.12758432958847368
0.1275701364286743
0.12755602870727512
0.12754200449352363
0.1275280617342838
0.12751419826626548
0.1275004118278034
0.1274867000701626
0.1274730605683491
0.12745949083140998
0.12744598831221482
0.1274325504167064
0.12741917451262305
0.12740585793768955
0.12739259800728123
0.1273793920215674
0.12736623727214158
0.12735313104815163
0.12734007064193942
0.12732705335420538
0.1273140764987137
0.1273011374065521
0.12728823342996584
0.1272753619457809
0.12726252035843583
0.1272497061026388
0.12723691664567024
0.1272241494893449
0.12721140217165633
0.12719867226811668
0.12718595739281158
0.1271732551991857
0.12716056338057657
0.12714787967051025
0.12713520184277574
0.12712252771129362
0.12710985512978948
0.12709718199129014
0.12708450622745274
0.1270718258077405
0.12705913873845565
0.12704644306164325
0.12703373685387487
0.12702101822492215
0.12700828531633374
0.12699553629992053
0.12698276937616085
0.1269699827725357
0.12695717474179857
0.1269443435601919
0.12693148752561595
0.126918604955758
0.12690569418618988
0.1268927535684401
0.12687978146804885
0.1268667762626114
0.12685373633981858
0.1268406600954986
0.12682754593166964
0.12681439225460858
0.12680119747294236
0.12678795999576908
0.1267746782308172
0.12676135058264745
0.1267479754509061
0.1267345512286368
0.12672107630065838
0.12670754904201578
0.12669396781651246
0.126680330975333
0.12666663685576351
0.12665288378001865
0.126639070054183
0.12662519396727964
0.1266112537904711
0.12659724777640471
0.12658317415871184
0.12656903115167173
0.1265548169500488
0.1265405297291161
0.12652616764487495
0.12651172883448053
