0.35537557573782647
0.5102709843396876
0.6186451191802683
0.6947123575985616
0.6941242585527728
0.7140119148303161
0.7396770727121899
0.7264859793585204
0.7204826468595653
0.7288919370583306
0.7330458302067023
0.7350322873069497
0.7100010029313932
0.6890563717936384
0.7065368363257128
0.7176092413111052
0.703583934651439
0.6997916550195575
0.7084892572489936
0.7127466882935659
0.7250201845705246
0.7228706413417715
0.7028918516387135
0.7069616151052677
0.6973633759878317
0.7011234302113083
0.713598424551203
0.7222046474941728
0.714937691700727
0.6859048913222834
0.718782476891542
0.7015279947587103
0.7080219446830637
0.7207048451228207
0.7210956285840078
0.7168644387797435
0.7257994807774714
0.7315448794638109
0.7344005627031484
0.7358240672535181
0.7365345823351138
0.736889347624978
0.7370663939551958
0.7371545824991839
0.7371982947997935
0.7372196944028809
0.737229834349526
0.737234200571884
0.7372354724342508
0.7372348826891354
0.737232852794849
0.7372291972423747
0.7372228781813033
0.7372104447352135
0.7371743931783549
0.7347065798744816
0.7558280714600625
0.7419057980870771
0.7313808251439041
0.7315256378996782
0.7319857251190123
0.7301597210562424
0.7252211032771497
0.7005342336808904
0.7126916851931886
0.7198283203387844
0.7161499491175762
0.7191401035608673
0.7190498356937893
0.7086425440577784
0.7130250037725379
0.7197011660340098
0.7186699897675793
0.720665244226987
0.7214519613990773
0.7218214839564465
0.7174859488844099
0.725001186077804
0.727311653565869
0.733545202207974
0.7235995979935965
0.7218130723661832
0.7254511890770738
0.7226727736722385
0.7294519914058396
0.7094235035657057
0.7234703724781772
0.730392501554912
0.7338290738317441
0.7355413319790425
0.7363959609846191
0.7368228965279966
0.7370362641604561
0.7371429172444477
0.7371962302480413
0.7372228773652486
0.7372361924302209
0.737242841539182
0.7372461575293403
0.7372478067605438
0.7372486223916697
0.7372490209901998
0.737249210829834
0.7372492960374786
0.73724932866626
0.7372493347318904
0.737249327230774
0.7372493126490169
0.7372492942168829
0.7372492735359686
0.7372492513927362
0.7372492281652224
0.7372492040263231
0.7372491790453675
0.7372491532388267
0.7372491265955777
0.7372490990894467
0.7372490706853747
0.7372490413423844
0.7372490110149429
0.7372489796534969
0.737248947204594
0.7372489136107692
0.7372488788103002
0.7372488427368726
0.7372488053191856
0.7372487664804834
0.7372487261380378
0.7372486842025568
0.7372486405775225
0.7372485951584442
0.7372485478320192
0.7372484984751815
0.7372484469540264
0.7372483931225913
0.7372483368214605
0.7372482778761779
0.737248216095432
0.7372481512689635
0.7372480831651564
0.7372480115282523
0.7372479360751168
0.7372478564914684
0.7372477724274675
0.7372476834925351
0.7372475892492302
0.7372474892059939
0.7372473828084992
0.7372472694292788
0.7372471483552274
0.7372470187724453
0.7372468797477394
0.7372467302058786
0.737246568901443
0.7372463943836727
0.7372462049522165
0.7372459986008897
0.7372457729454632
0.737245525129928
0.7372452517033197
0.737244948455701
0.7372446101965267
0.737244230450214
0.7372438010303128
0.7372433114315243
0.7372427479412501
0.7372420923063482
0.7372413196700889
0.737240395263177
0.7372392688656438
0.7372378650491016
0.737236064858618
0.7372336685411751
0.73723031121759
0.7372252417064308
0.7372165966535161
0.7371978423933365
0.7370930943752833
0.715947508149677
0.7217829280010226
0.7150107177858482
0.7222547278714764
0.7360824965248556
0.7366649615037228
0.7369559406913974
0.7371012995699057
0.7371738726901813
0.7372100519356846
0.7372280258337967
0.7372368854941741
0.7372411740892532
0.7372431606361828
0.7372439765286135
0.7372441835446758
0.7372440575455375
0.7372437298949173
0.7372432575293404
0.7372426570077826
0.7372419199633421
0.7372410182137389
0.7372399017533775
0.7372384893053142
0.7372366467834051
0.7372341397346294
0.7372305182148203
0.7372247874794663
0.737214165732484
0.7371858467761527
0.7304401368328807
0.743922639311676
0.744047785874883
0.7132663003797255
0.6981602139362385
0.6990375651081899
0.7005358918822662
0.7159503055686426
0.7241155490688533
0.6977641278071305
0.6779866492960593
0.6590205972237027
0.6765588625397109
0.6953645099859919
0.6949682647663634
0.7163910771389534
0.7268308559660533
0.7295791967639838
0.7215313951838283
0.7293358224459613
0.7071531254230972
0.7299341912206303
0.767464144574617
0.7793413372190444
0.7391241236509039
0.7248836821904644
0.7198522224684725
0.7171094085748603
0.7151270412073286
0.6997838072837581
0.7042416804304712
0.7077946977409926
0.6996221473587521
0.6995054269551204
0.6970696909987368
0.7173332124050547
0.6915367987336761
0.6992801275541592
0.7185048386891789
0.7279235974981598
0.7325818504108417
0.7348868012171755
0.7359653421157785
