0.1353789752170862
0.15084111218784707
0.15469168584517973
0.1544731748285269
0.15282671094848826
0.15080640782450494
0.14882573345062128
0.14702806428560397
0.14544470952831648
0.14406386035896007
0.14286017603373924
0.1418067878833956
0.14087959378288675
0.14005832455742945
0.1393263761527077
0.13867025962006735
0.1380790078506905
0.13754365560132142
0.13705681855539184
0.136612363988336
0.13620515639596933
0.13583086134435776
0.1354857935437257
0.13516679828850148
0.13487115811854236
0.1345965186706238
0.13434082926127355
0.13410229488713762
0.1338793371582357
0.133670562281599
0.13347473465366375
0.13329075494620865
0.13311764181527624
0.13295451654811827
0.13280059010557607
0.13265515212758486
0.1325175615556139
0.13238723859356408
0.1322636577821717
0.1321463420044683
0.13203485727373038
0.1319288081824381
0.1318278339124869
0.1317316047243762
0.13163981885719128
0.1315521997825985
0.1314684937653405
0.13138846769025272
0.13131190712200297
0.13123861456882174
0.13116840792567538
0.13110111907580754
0.13103659263246573
0.1309746848050554
0.13091526237600926
0.13085820177638788
0.13080338824970378
0.1307507150947234
0.1307000829790876
0.1306513993165288
0.1306045777012811
0.13055953739398615
0.13051620285402343
0.1304745033137367
0.1304343723905113
0.1303957477330804
0.13035857069881496
0.1303227860590844
0.13028834173007298
0.13025518852670065
0.13022327993752966
0.13019257191875327
0.1301630227055448
0.13013459263921795
0.13010724400879747
0.13008094090573286
0.1300556490906119
0.13003133587083615
0.13000796998831946
0.12998552151635726
0.12996396176489416
0.1299432631934869
0.12992339933132413
0.12990434470372222
0.1298860747645661
0.12986856583421383
0.12985179504242314
0.12983574027589745
0.1298203801300828
0.12980569386487864
0.12979166136395265
0.1297782630973768
0.129765480087324
0.12975329387658427
0.12974168649968296
0.12973064045639512
0.12972013868747065
0.12971016455239637
0.1297007018090362
0.12969173459500177
0.12968324741061543
0.12967522510334248
0.12966765285357235
0.12966051616164137
0.12965380083599665
0.129647492982407
0.12964157899413534
0.12963604554298927
0.1296308795711776
0.12962606828390216
0.12962159914261961
0.12961745985891404
0.12961363838892395
0.12961012292827148
0.1296069019074464
0.12960396398759894
0.12960129805670184
0.12959889322604015
0.12959673882699566
0.12959482440809203
0.12959313973226982
0.12959167477436254
0.12959041971874985
0.1295893649571615
0.12958850108661102
0.12958781890743912
0.129587309421448
0.12958696383010934
0.1295867735328311
0.1295867301252687
0.12958682539766772
0.12958705133322818
0.12958740010647704
0.12958786408164455
0.12958843581103044
0.12958910803335805
0.12958987367210723
0.1295907258338214
0.12959165780638437
0.12959266305726233
0.12959373523170847
0.12959486815092783
0.1295960558101996
0.12959729237695547
0.12959857218881451
0.1295998897515715
0.12960123973714205
0.12960261698146075
0.12960401648233696
0.12960543339726546
0.12960686304119778
0.12960830088426983
0.12960974254949395
0.12961118381041065
0.12961262058870854
0.12961404895181008
0.12961546511042724
0.1296168654160897
0.12961824635864683
0.12961960456374916
0.12962093679030726
0.1296222399279343
0.1296235109943745
0.12962474713291894
0.129625945609812
0.12962710381165155
0.1296282192427851
0.1296292895227041
0.1296303123834404
0.12963128566696494
0.12963220732259376
0.12963307540440105
0.1296338880686452
0.1296346435712044
0.12963534026503062
0.12963597659761794
0.12963655110849157
0.1296370624267165
0.12963750926842957
0.1296378904343948
0.1296382048075859
0.12963845135079402
0.12963862910426538
0.12963873718336902
0.1296387747762943
0.12963874114178175
0.1296386356068862
0.12963845756477455
0.12963820647255758
0.12963788184915861
0.12963748327321678
0.129637010381029
0.1296364628645274
0.1296358404692959
0.1296351429926242
0.12963437028160052
0.12963352223124242
0.12963259878266772
0.12963159992130247
0.12963052567512914
0.12962937611297354
0.12962815134283054
0.12962685151022857
0.12962547679663247
0.12962402741788548
0.12962250362268837
0.1296209056911179
0.12961923393318187
0.12961748868741182
0.1296156703194925
0.12961377922092826
0.12961181580774564
0.12960978051923114
0.1296076738167047
0.12960549618232767
0.12960324811794577
0.12960093014396448
0.12959854279825953
0.1295960866351182
0.12959356222421448
0.1295909701496144
0.129588311008814
0.12958558541180673
0.12958279398018072
0.12957993734624632
0.12957701615219142
0.129574031049266
0.1295709826969934
0.1295678717624097
0.12956469891932776
0.12956146484762968
0.12955817023258273
0.12955481576418093
0.1295514021365095
0.12954793004713552
0.12954440019651894
0.1295408132874478
0.12953717002449455
0.1295334711134945
0.12952971726104495
0.12952590917402387
0.12952204755912974
0.12951813312243984
0.12951416656898723
0.12951014860235724
0.1295060799242998
0.1295019612343611
0.1294977932295307
0.12949357660390584
0.1294893120483706
0.12948500025029205
