0.1696565949303312
0.17193901925501312
0.1671556169557013
0.16258219628920353
0.1589813743430974
0.15634319339521252
0.15445779447560126
0.1531192324505583
0.15215847744554606
0.15144648037313688
0.15089219532250178
0.15043610340856484
0.15004195353150168
0.1496891530100787
0.14936663748030468
0.14906836026031148
0.14879037060384567
0.1485292847834777
0.14828177733345568
0.14804465439180742
0.1478151402476924
0.14759114498263093
0.14737141025118602
0.14715551417007808
0.1469437549554265
0.14673694455846809
0.14653614665678014
0.1463423975680937
0.1461564534357046
0.1459786061844032
0.14580859908860372
0.14564565105592625
0.14548857376576618
0.14533594659404575
0.14518630689802242
0.14503831828497935
0.14489089275813408
0.1447432581083855
0.14459497464832785
0.14444591293729875
0.14429620653057554
0.1441461924728248
0.14399634910187953
0.14384723725391063
0.1436994480729531
0.14355355866485303
0.14341009575099897
0.14326950703428215
0.14313213990971524
0.14299822720028085
0.1428678796221651
0.14274108461655297
0.1426177110323761
0.1424975189542922
0.1423801738054327
0.1422652637675597
0.14215231958040145
0.14204083590833538
0.14193029367547325
0.14182018303265861
0.1417100268771944
0.1415994050134227
0.14148797898873072
0.14137551719587735
0.14126191886232684
0.14114723410385863
0.1410316757291219
0.14091561777859468
0.14079957679969954
0.14068417499252409
0.14057008888831168
0.14045799139559237
0.1403484969961765
0.14024211874999842
0.14013924222843838
0.14004011716621922
0.13994486409046136
0.1398534912843977
0.13976591715607087
0.1396819938831242
0.13960152946714408
0.13952430658238998
0.13945009759543897
0.13937867579668126
0.13930982325875116
0.13924333589774807
0.139179026338082
0.13911672513227805
0.1390562808047639
0.13899755909864137
0.13894044171994094
0.13888482480069608
0.13883061724189538
0.13877773904939117
0.13872611973865143
0.13867569685609102
0.1386264146438914
0.13857822286021101
0.13853107575622536
0.13848493120444075
0.13843974996834296
0.1383954951009813
0.13835213145899944
0.13830962531849433
0.1382679440795765
0.13822705604739888
0.13818693027851586
0.1381475364826288
0.1381088449709582
0.13807082664361403
0.1380334530093626
0.13799669623210636
0.13796052919916502
0.13792492560709918
0.1378898600613248
0.13785530818616265
0.13782124674223747
0.13778765374832494
0.13775450860483526
0.1377217922161615
0.1376894871091053
0.13765757754457586
0.137626049619724
0.13759489135768518
0.13756409278214424
0.13753364597404968
0.13750354510799043
0.1374737864660127
0.13744436842701757
0.13741529143031753
0.13738655791244578
0.1373581722168946
0.13733014047708142
0.13730247047349106
0.13727517146659104
0.1372482540077449
0.13722172973093355
0.13719561112860745
0.13716991131543013
0.13714464378400748
0.1371198221569165
0.13709545993946287
0.13707157027757824
0.1370481657251402
0.13702525802475332
0.13700285790568192
0.13698097490218633
0.13695961719499575
0.13693879147807833
0.13691850285225343
0.13689875474655835
0.13687954886765027
0.1368608851769114
0.13684276189435618
0.13682517552792237
0.1368081209262753
0.13679159135288643
0.13677557857885567
0.1367600729917425
0.13674506371755485
0.13673053875299668
0.13671648510512
0.1367028889356187
0.13668973570715956
0.13667701032934543
0.1366646973021407
0.13665278085484356
0.13664124507896533
0.1366300740536449
0.136619251962509
0.1366087632011388
0.13659859247455558
0.13658872488436577
0.13657914600540247
0.1365698419518866
0.1365607994332804
0.1365520058001389
0.1365434490803691
0.1365351180063887
0.13652700203374327
0.13651909135177928
0.1365113768870061
0.13650385029978518
0.13649650397499707
0.13648933100732377
0.1364823251817739
0.13647548095005677
0.1364687934033888
0.1364622582422886
0.13645587174389265
0.1364496307272893
0.13644353251734379
0.13643757490745673
0.13643175612166972
0.13642607477650096
0.13642052984287054
0.1364151206084421
0.1364098466406801
0.1364047077508953
0.13639970395952114
0.13639483546283523
0.13639010260130724
0.13638550582973014
0.13638104568925608
0.1363767227814308
0.13637253774428862
0.13636849123054345
0.1363645838878766
0.13636081634130368
0.13635718917756876
0.13635370293149643
0.13635035807420876
0.1363471550031003
0.1363440940334429
0.13634117539148768
0.13633839920891921
0.136335765518514
0.13633327425085257
0.13633092523193802
0.13632871818157488
0.13632665271237368
0.13632472832925094
0.13632294442930565
0.13632130030196998
0.13631979512933715
0.13631842798658894
0.13631719784245513
0.13631610355965373
0.13631514389526872
0.13631431750104026
0.13631362292354812
0.1363130586042815
0.13631262287959883
0.13631231398058413
0.13631213003281845
0.13631206905608412
0.13631212896403042
0.13631230756382223
0.13631260255580627
0.13631301153321942
0.1363135319819712
0.13631416128052634
0.136314896699914
0.13631573540388933
0.13631667444926468
0.13631771078643248
0.13631884126009136
0.13632006261018959
0.1363213714730906
0.13632276438296653
0.13632423777341982
